78 293 49 324
61
165.339509 98.888839
203.047259 99.265288
241.223116 146.687924
242.647908 167.337168
241.886199 209.785711
235.937467 233.963038
203.504531 274.409587
165.790536 272.641704
133.746317 234.222041
126.799589 210.064488
127.985385 167.615823
130.057956 146.948047
134.401107 151.870475
141.600637 148.515874
149.389000 147.684602
157.667136 149.301386
166.046510 151.224086
195.011819 149.842600
205.680876 147.185154
215.562315 145.992826
225.642422 147.180246
234.247908 153.442088
183.374226 163.646008
183.229996 175.887706
183.186876 188.759925
183.992060 200.838628
175.090889 210.762334
180.940885 214.114071
186.551101 214.640969
194.433295 213.413709
199.204015 209.155766
142.282868 167.875116
149.361504 161.164204
158.746790 161.518530
165.514920 167.331415
158.439720 170.977596
150.134204 170.457129
203.223550 167.268247
210.176254 161.874064
219.528042 161.985083
227.252722 167.506680
219.646603 171.424972
211.069222 170.962337
164.238079 234.373814
171.296386 227.886940
179.439846 224.747955
186.711354 224.921796
195.049453 224.480008
202.624420 227.659684
209.015394 233.853491
201.137603 233.916603
193.326061 235.404402
186.430893 236.547684
178.886984 236.512325
171.788726 236.361384
177.600646 231.016313
186.868000 230.452667
196.457627 231.351876
195.301532 231.111000
186.342730 230.020014
177.204944 231.052943
