70 288 44 336
61
165.909223 94.440692
203.442986 96.194652
234.696881 145.417826
238.109993 166.614218
237.109714 208.384334
232.884528 236.557572
203.900258 285.689720
166.360250 290.938418
126.254559 236.816575
117.157928 208.663111
120.412505 166.892873
122.922552 145.677949
129.500333 151.854553
136.305074 146.876719
144.483344 144.965026
154.426959 146.194381
163.746249 148.564017
209.670231 147.907847
218.167719 146.242510
226.191900 146.172092
233.851150 147.921087
239.499275 153.114390
187.470439 162.094605
187.683198 172.602878
187.065674 183.305595
186.732728 193.768315
168.711505 208.327475
176.335955 209.510404
186.417228 209.684337
194.902658 209.461209
200.744737 208.787795
141.240198 166.918699
149.571638 161.783594
158.714142 162.552768
166.084634 166.574000
158.798976 170.200802
149.871264 170.494417
203.619277 166.282831
210.130022 160.928289
220.083727 161.402345
228.136381 167.314065
220.396279 170.617370
212.195867 169.675454
159.151030 236.574512
167.494101 230.795381
176.201509 227.200080
183.517917 228.305952
191.963903 227.874720
199.831597 231.339935
209.066337 236.841852
199.482021 239.548883
191.823861 242.811948
184.186524 243.811378
174.940510 243.235260
166.403672 240.943065
173.857542 233.250567
183.487847 233.372032
194.136883 234.061834
193.446313 236.052997
183.824589 235.957703
172.877694 235.153225
