76 290 45 326
64
164.954163 95.237495
203.383316 94.402077
236.799988 148.704163
240.141647 167.083328
240.141647 205.512497
236.799988 232.245819
204.218735 275.687500
165.789566 272.345825
143.233322 233.081238
129.031235 206.347900
125.689575 167.083328
127.360405 148.704163
130.702072 155.387497
138.220825 151.210403
146.574982 149.539581
156.599991 150.375000
165.789566 151.210403
204.218735 149.539581
211.737488 148.704163
220.091660 147.868744
227.610397 148.704163
235.129150 152.881241
184.168732 160.399994
184.168732 172.095825
184.168732 183.791656
184.168732 195.487488
169.966660 208.018738
178.320816 208.854156
187.510406 208.854156
194.193741 205.512497
200.877075 204.677078
141.562485 167.083328
149.081238 162.070831
158.270828 162.906250
165.789566 167.083328
158.270828 170.424988
149.916656 171.260406
203.383316 167.083328
210.066650 161.235413
220.091660 162.070831
226.774979 168.754166
219.256241 171.260406
211.737488 170.424988
167.460403 233.916656
173.308319 228.068741
180.827072 224.727066
186.674988 225.562485
194.193741 223.891663
200.877075 227.233322
207.560410 232.245819
200.041656 233.916656
192.522903 235.587494
188.345825 235.587494
181.662491 235.587494
174.143738 235.587494
178.320816 231.410400
186.674988 231.410400
195.029160 231.410400
194.193741 227.233322
187.510406 224.727066
179.991653 227.233322
0.377079 0.000000
0.377079 0.000000
0.377079 0.000000
