74 295 41 326
64
163.906250 91.125000
202.718750 91.125000
240.687500 148.500000
245.750000 167.062500
242.375000 206.718750
239.000000 232.875000
202.718750 275.906250
164.750000 273.375000
130.156250 232.875000
122.562500 206.718750
124.250000 167.062500
126.781250 149.343750
130.156250 151.875000
137.750000 149.343750
146.187500 149.343750
154.625000 149.343750
163.062500 151.875000
203.562500 150.187500
211.156250 149.343750
219.593750 148.500000
228.875000 149.343750
234.781250 153.562500
185.843750 164.531250
185.843750 174.656250
185.843750 184.781250
185.843750 194.062500
173.187500 207.562500
179.093750 210.093750
187.531250 210.093750
193.437500 209.250000
199.343750 205.875000
141.968750 167.906250
148.718750 162.000000
157.156250 162.000000
164.750000 166.218750
158.000000 169.593750
149.562500 170.437500
202.718750 165.375000
208.625000 161.156250
218.750000 162.000000
225.500000 167.906250
218.750000 170.437500
210.312500 169.593750
167.281250 232.875000
171.500000 226.125000
178.250000 223.593750
184.156250 226.125000
192.593750 224.437500
199.343750 227.812500
205.250000 232.875000
197.656250 234.562500
190.906250 236.250000
184.156250 237.093750
178.250000 236.250000
172.343750 234.562500
177.406250 230.343750
185.000000 230.343750
192.593750 230.343750
191.750000 231.187500
184.156250 230.343750
177.406250 230.343750
0.218749 0.000000
0.218749 0.000000
0.218749 0.000000
