76 289 55 331
64
165.674988 104.774994
202.799988 103.949997
236.624985 146.849991
239.099991 168.299988
239.099991 206.250000
235.799988 232.649994
203.624985 280.500000
166.500000 276.375000
131.024994 232.649994
123.599991 207.074997
126.074997 168.299988
131.024994 146.849991
128.549988 155.099991
135.974991 149.324997
145.875000 147.675003
156.599991 148.500000
166.500000 150.149994
202.799988 146.849991
212.699997 146.024994
220.949997 146.024994
230.024994 146.849991
238.274994 152.625000
186.299988 163.349991
185.474991 174.074997
184.649994 184.799988
184.649994 195.524994
172.274994 207.074997
177.224991 207.899994
185.474991 209.549988
192.074997 207.899994
195.374985 207.074997
140.099991 168.299988
148.349991 160.875000
158.250000 161.699997
165.674988 168.299988
158.250000 173.250000
149.174988 173.250000
202.799988 167.474991
210.224991 160.875000
220.124985 161.699997
227.549988 169.125000
220.124985 173.250000
211.874985 172.424988
162.375000 233.474991
168.149994 227.699997
176.399994 224.399994
183.824997 226.049988
192.074997 224.399994
198.674988 227.699997
206.924988 232.649994
199.499985 235.949997
192.074997 238.424988
185.474991 240.074997
176.399994 240.074997
168.149994 236.774994
175.574997 232.649994
183.824997 233.474991
192.899994 233.474991
192.074997 231.000000
184.649994 230.174988
175.574997 231.000000
-0.150002 0.000000
-0.150002 0.000000
-0.150002 0.000000
