73 292 51 324
61
165.026668 101.439679
203.419383 103.668312
238.348820 148.804655
242.347632 166.459108
241.814538 206.600078
238.060981 231.570014
203.876655 274.166708
165.477695 270.547739
130.895743 231.829017
122.685852 206.878855
123.263049 166.737763
127.788367 149.064778
133.201093 153.072394
139.125870 150.554699
145.502911 149.323794
152.608646 149.193411
159.147581 150.473112
209.029176 148.442964
215.746740 148.180301
221.542124 148.587055
227.633607 149.874659
234.072169 152.945303
187.258641 163.137674
187.020201 174.276153
187.274247 185.097189
187.699624 195.864590
171.237547 206.532484
180.498291 208.792178
188.568054 209.682866
194.407451 209.123831
202.764295 207.014344
141.851821 167.007580
149.173050 160.877896
158.044972 161.193495
165.202079 166.096497
158.511397 170.606913
150.324935 170.742240
203.595674 166.048927
210.914588 161.257528
219.898133 161.294653
227.264530 167.316316
220.450705 171.003104
212.990372 170.713296
163.780728 232.061974
170.336189 226.450481
177.915298 223.002774
185.458978 223.836021
192.292630 223.158369
197.889543 226.353161
203.439625 231.379231
197.214574 231.560097
191.067438 233.764542
185.485892 234.259607
177.499472 233.721601
169.987078 232.378447
176.068710 229.533208
185.030573 229.151163
192.286362 229.743136
191.699832 227.808975
185.379464 226.594264
176.490856 227.198395
