69 284 57 318
61
164.277840 106.550624
202.467122 107.145077
229.252865 149.262514
234.365175 167.046443
235.315479 204.417855
233.807300 218.543475
202.924394 268.488930
164.728867 268.640732
122.761067 218.802478
117.750490 204.696632
119.275684 167.325098
123.102687 149.522637
131.286144 156.765285
137.410521 152.238669
145.454163 149.106989
153.908072 148.589101
162.716463 150.283937
206.545992 149.397763
214.018396 148.661591
220.991205 149.719585
228.493859 151.166590
234.218283 154.532142
186.733792 166.684330
186.477787 176.617408
186.492626 186.514463
186.883774 195.432728
172.279751 205.417968
179.738940 205.806006
186.819014 206.572133
190.058082 205.415623
194.914501 203.764520
141.771807 168.010973
149.233120 161.439353
157.945708 160.786307
164.453251 166.487876
157.453008 170.305999
150.166212 170.667623
202.643413 167.455672
209.735259 161.694763
219.532008 161.477570
227.533541 166.864034
219.877008 170.555800
211.595454 170.224407
162.048999 218.394096
167.241762 213.223981
175.189669 211.444533
183.416950 211.577000
191.338659 212.495421
198.037591 214.183383
203.089551 218.994104
195.837336 219.120175
188.590639 219.837655
183.054730 220.082508
175.585450 219.891250
167.046933 220.088585
173.905560 216.477588
182.617718 216.934775
190.001798 217.880189
189.776153 216.453114
183.194135 214.646949
173.807362 215.603732
