70 292 52 324
64
165.000000 102.083336
203.383331 102.083336
238.500000 148.633331
241.766663 167.416672
241.766663 208.250000
240.133331 231.933334
204.199997 273.583344
165.000000 277.666656
128.250000 232.750000
120.900002 208.250000
120.083328 168.233337
122.533333 148.633331
133.966660 151.899994
141.316666 149.449997
149.483337 148.633331
158.466660 148.633331
165.816666 150.266663
205.833328 148.633331
213.183334 147.816666
220.533325 148.633331
228.699997 149.449997
235.233337 153.533325
185.416656 162.516663
184.599991 173.133331
184.599991 183.750000
184.599991 193.550003
172.349991 208.250000
178.883331 207.433334
186.233337 206.616669
192.766663 206.616669
199.300003 207.433334
144.583328 167.416672
151.116669 161.699997
158.466660 162.516663
165.000000 168.233337
157.649994 169.050003
150.300003 169.866669
203.383331 167.416672
210.733337 161.699997
218.899994 162.516663
226.250000 168.233337
218.899994 169.866669
211.550003 169.050003
160.916672 231.933334
167.449997 225.399994
176.433334 222.949997
184.599991 222.949997
193.583328 222.949997
200.933334 227.033325
206.649994 232.750000
199.300003 235.199997
191.133331 236.016663
184.599991 236.833328
175.616669 236.833328
166.633331 236.016663
173.166672 229.483337
184.599991 229.483337
194.399994 229.483337
193.583328 231.933334
183.783325 230.300003
173.166672 231.116669
0.033333 0.000000
0.033333 0.000000
0.033333 0.000000
