71 292 47 323
64
164.674988 97.349998
202.624985 99.824997
238.924988 149.324997
242.224991 167.474991
241.399994 206.250000
238.099991 232.649994
203.449997 273.074982
165.500000 270.600006
130.849991 232.649994
121.774994 206.250000
121.774994 168.299988
125.074997 149.324997
130.024994 156.750000
137.449997 152.625000
144.875000 149.324997
155.599991 149.324997
164.674988 150.974991
201.799988 149.324997
210.874985 148.500000
219.949997 149.324997
229.024994 150.974991
235.624985 155.924988
185.299988 164.174988
185.299988 174.899994
185.299988 184.799988
185.299988 195.524994
170.449997 207.074997
177.874985 207.074997
186.124985 207.899994
193.549988 207.074997
200.974991 205.424988
141.574997 168.299988
149.000000 162.524994
158.074997 162.524994
165.500000 167.474991
158.899994 170.774994
149.824997 171.599991
203.449997 167.474991
209.224991 161.699997
219.124985 162.524994
227.374985 168.299988
219.124985 171.599991
211.699997 170.774994
163.024994 233.474991
170.449997 226.049988
177.874985 222.750000
186.124985 224.399994
194.374985 223.574997
200.149994 226.875000
205.099991 232.649994
198.499985 235.125000
191.074997 237.599991
184.474991 239.250000
177.049988 238.424988
168.799988 235.949997
175.399994 228.524994
185.299988 228.524994
194.374985 229.349991
193.549988 231.000000
185.299988 231.000000
175.399994 231.000000
-0.325002 0.000000
-0.325002 0.000000
-0.325002 0.000000
