72 295 40 330
61
165.274281 90.139810
202.383358 91.185920
241.688963 145.678367
244.505589 167.455885
245.946133 209.547512
242.099963 235.803758
202.840630 280.455123
165.725308 280.329695
129.094889 236.062761
120.552284 209.826289
122.224980 167.734540
123.260829 145.938490
128.815678 146.279098
137.193094 144.165408
145.395093 145.538184
153.950676 148.071287
162.397300 151.009090
207.477120 149.227248
214.128010 146.838628
222.123996 146.120031
230.582736 146.536769
237.247762 150.424339
186.739382 162.767213
186.436735 175.230673
185.917957 188.685207
185.903177 200.879567
170.146157 211.327181
177.770436 215.469173
187.748516 215.609221
195.015862 212.884620
201.753836 208.114523
142.063515 167.222057
149.255347 161.503017
158.981759 162.966787
165.449692 167.942012
157.962572 171.535531
149.491432 171.578649
202.559649 167.571157
209.048001 161.521580
218.811227 161.840810
227.168373 167.721118
219.728494 171.568841
211.287929 171.209419
161.503864 236.613970
168.409045 229.750479
176.931732 226.743235
184.797688 227.070370
193.466987 226.548920
201.228041 229.696829
209.245032 235.294790
199.075648 237.573030
191.439507 237.162527
185.516016 237.347462
177.896958 238.333606
169.054924 239.523109
175.033985 233.902000
184.812773 234.315892
194.395732 234.133690
193.551642 235.158407
185.264594 233.064740
175.001925 234.498675
