76 289 55 331
61
165.832902 104.857843
202.818373 103.787969
236.443518 146.550923
239.477607 168.088954
238.871461 206.647547
235.467808 232.745409
203.275645 280.622196
166.283929 276.712675
130.712114 233.004412
123.805787 206.926324
125.927236 168.367609
131.098144 146.811046
128.952960 154.762747
136.383135 149.690271
146.220731 147.429079
156.331880 148.224524
166.150983 149.974957
202.988766 147.150093
212.510905 146.020801
221.092186 145.974282
230.102582 147.246800
237.904013 152.757627
186.247217 163.658921
185.637583 174.390497
184.906185 185.059180
184.764535 195.130168
172.210664 206.944307
177.205053 207.962615
185.348180 209.523589
192.012631 207.594016
195.569026 206.697592
139.822580 168.536572
147.998262 160.813304
158.022869 161.354130
166.008313 167.914434
158.533749 172.884627
149.254994 173.000241
202.994664 167.596234
210.490655 161.219361
220.407275 161.597878
227.584116 168.941467
220.537139 172.845444
211.773253 172.603158
162.024533 233.205073
168.399593 227.759989
176.296699 224.544551
183.863476 225.715638
191.943032 224.468603
198.997343 227.820513
207.063765 232.586924
199.103367 235.598461
191.820640 238.534444
185.191337 239.964154
176.689809 239.986413
168.441555 236.623391
175.260455 232.829882
183.980060 233.833184
192.656528 233.132249
192.389452 230.910725
184.694964 230.298263
175.304923 231.276406
