76 291 52 322
64
165.312485 101.562500
202.687485 104.812492
236.812485 144.625000
240.874985 166.562500
238.437485 207.999985
233.562485 232.374985
202.687485 272.187500
166.124985 270.562500
137.687485 232.374985
128.750000 208.812485
126.312492 166.562500
126.312492 144.625000
131.999985 149.500000
139.312485 146.250000
147.437485 145.437500
155.562485 147.062500
163.687485 149.500000
199.437485 149.500000
207.562485 146.250000
216.499985 144.625000
225.437485 142.187500
233.562485 144.625000
184.812485 164.125000
183.187485 175.500000
183.187485 186.875000
182.374985 198.250000
170.999985 208.812485
177.499985 212.062485
183.187485 212.062485
189.687485 211.249985
195.374985 208.812485
140.937485 166.562500
149.062485 160.875000
158.812485 160.875000
165.312485 167.375000
158.812485 171.437500
149.874985 171.437500
202.687485 168.187500
209.187485 161.687500
219.749985 160.875000
228.687485 165.750000
221.374985 172.250000
212.437485 172.250000
165.312485 233.187485
170.187485 227.499985
176.687485 223.437485
184.812485 223.437485
191.312485 224.249985
197.812485 227.499985
201.874985 231.562485
196.187485 235.624985
190.499985 239.687485
184.812485 242.124985
176.687485 240.499985
170.187485 238.062485
175.874985 230.749985
184.812485 229.937485
192.124985 231.562485
190.499985 233.187485
183.999985 232.374985
175.874985 233.187485
0.374997 0.000000
0.374997 0.000000
0.374997 0.000000
