78 293 49 324
64
165.583344 98.750008
203.437515 99.572922
241.291687 146.479172
242.937515 167.052094
242.114594 209.843765
235.531265 233.708344
203.437515 274.031250
165.583344 272.385437
133.489594 234.531265
126.906258 209.843765
127.729179 167.875015
130.197922 147.302094
134.312515 152.239594
141.718765 148.125000
149.125015 147.302094
157.354172 148.947922
166.406265 151.416672
195.208344 149.770844
205.906265 147.302094
215.781265 145.656250
225.656265 147.302094
233.885437 153.062500
183.687515 163.760422
182.864594 176.104172
182.864594 188.447922
183.687515 200.791672
175.458344 210.666672
181.218765 213.958344
186.156265 214.781265
194.385437 213.135422
199.322937 209.020844
142.541672 167.875015
149.125015 161.291672
159.000015 161.291672
165.583344 167.052094
158.177094 171.166672
149.947922 170.343765
203.437515 167.052094
210.020844 162.114594
219.895844 162.114594
227.302094 167.875015
219.895844 171.166672
210.843765 171.166672
163.937515 234.531265
171.343765 227.947922
179.572922 224.656265
186.979187 224.656265
195.208344 224.656265
202.614594 227.947922
209.197937 233.708344
200.968765 233.708344
193.562515 235.354172
186.156265 236.177094
178.750015 236.177094
172.166672 236.177094
177.927094 231.239594
186.979187 230.416672
196.854187 231.239594
195.208344 231.239594
186.156265 230.416672
177.104172 231.239594
0.177087 0.000000
0.177087 0.000000
0.177087 0.000000
