72 294 58 325
64
166.068756 108.037498
201.543747 109.650002
238.631256 147.543747
244.274994 167.699997
246.693756 208.818756
242.662506 234.618744
202.350006 274.125000
166.068756 274.931244
128.981247 235.425003
121.724998 208.818756
121.724998 168.506256
125.756248 147.543747
129.787506 153.187500
136.237503 149.962494
144.300003 148.350006
153.975006 148.350006
162.037506 149.156250
199.125000 149.156250
209.606247 146.737503
219.281250 146.737503
229.762497 149.156250
237.018753 155.606247
182.193756 163.668747
181.387497 175.762497
180.581253 187.856247
180.581253 198.337494
167.681244 209.625000
175.743744 212.043747
183.000000 211.237503
191.868744 211.237503
200.737503 208.012497
140.268753 168.506256
149.137497 160.443756
158.812500 161.250000
166.068756 167.699997
158.812500 171.731247
149.137497 172.537506
201.543747 168.506256
209.606247 162.056244
220.893753 161.250000
229.762497 167.699997
221.699997 173.343750
211.218750 172.537506
163.649994 235.425003
170.100006 227.362503
178.162506 224.137497
186.225006 224.943756
194.287506 224.137497
200.737503 227.362503
207.993744 234.618744
199.931244 237.037506
192.675003 240.262497
185.418747 241.875000
177.356247 241.068756
170.100006 239.456253
177.356247 230.587494
186.225006 231.393753
194.287506 231.393753
192.675003 233.006256
185.418747 233.006256
177.356247 233.006256
-0.018750 0.000000
-0.018750 0.000000
-0.018750 0.000000
