73 293 46 338
61
166.708292 96.497310
200.909089 96.932471
238.500493 149.414896
243.477641 168.331095
242.078647 209.555542
238.741936 234.612464
201.366361 287.635300
167.159319 283.960395
129.813491 234.871467
121.157543 209.834319
123.020329 168.609750
126.667474 149.675019
133.288255 153.015359
140.017386 150.395739
148.134321 150.187356
156.475790 149.849822
164.573093 151.591406
197.395046 150.294347
206.012165 149.140942
214.585915 148.943993
222.822797 148.295079
230.409016 150.263052
183.431481 163.441809
183.179076 174.468327
182.121294 185.419760
181.553669 195.364644
174.961423 210.372653
178.605144 211.441032
183.791205 211.908060
187.582932 210.916170
192.712143 209.085077
139.998232 169.806617
148.072230 161.148316
158.435969 160.811550
166.883703 167.935947
158.762989 174.615839
149.348617 174.744458
201.085380 167.757233
209.608794 160.133468
220.345840 160.955376
228.781524 168.457197
220.828149 173.140060
211.369296 172.701185
162.513036 234.628786
169.442915 227.807881
177.652734 224.129982
185.366470 225.432916
194.345133 224.860114
201.803472 228.595130
210.982018 234.897259
200.700043 237.887699
193.514833 240.089922
187.571816 240.460246
179.410582 240.599990
171.114360 239.323685
175.750181 231.529659
186.071516 231.364507
196.657145 231.916400
195.516233 232.931404
186.259338 231.739272
175.381505 231.146404
