76 292 53 326
64
165.987503 103.162498
202.831253 105.618752
238.856247 147.375000
241.312500 167.024994
240.493759 207.962509
238.037506 234.162506
202.831253 275.918762
165.987503 270.187500
137.331253 234.981247
128.324997 207.962509
125.868752 167.024994
127.506248 148.193756
129.962509 154.743744
137.331253 149.831253
147.156250 148.193756
157.800003 148.193756
167.625000 149.831253
206.106247 149.012497
214.293747 148.193756
221.662506 147.375000
229.850006 148.193756
236.400009 152.287506
184.818756 161.293747
184.818756 171.937500
184.818756 183.400009
185.637497 193.225006
172.537506 208.781250
179.906250 208.781250
188.912506 209.600006
193.006256 207.962509
199.556259 206.324997
142.243759 167.843750
148.793747 161.293747
158.618759 162.112503
165.987503 166.206253
158.618759 170.300003
149.612503 171.118759
202.831253 167.024994
209.381256 161.293747
220.025009 162.112503
227.393753 167.843750
219.206253 171.118759
211.018753 170.300003
162.712509 234.981247
168.443756 228.431259
177.449997 224.337509
185.637497 225.975006
193.824997 225.156250
201.193756 229.250000
207.743759 234.162506
198.737503 236.618759
191.368759 239.893753
184.818756 240.712509
176.631256 241.531250
167.625000 239.893753
174.175003 231.706253
185.637497 231.706253
195.462509 231.706253
194.643753 232.525009
184.818756 232.525009
173.356247 232.525009
-0.218749 0.000000
-0.218749 0.000000
-0.218749 0.000000
