71 292 47 323
61
165.054916 97.399222
202.887558 99.978363
238.665888 149.262394
242.337513 167.800174
241.801247 205.904129
238.033903 232.587924
203.344830 273.402539
165.505943 270.596649
130.520677 232.846927
121.784384 206.182906
121.446697 168.078829
125.060262 149.522517
130.158757 156.426631
137.220633 152.469108
145.247363 149.691696
155.357637 149.572989
164.300448 150.924738
201.391007 149.727468
210.871649 148.851000
220.035600 149.134648
228.654003 151.115018
235.608550 155.990114
185.616754 163.919051
185.400161 174.715447
185.038519 184.827883
185.608830 195.173098
170.325403 207.075370
177.972025 207.246033
186.505033 208.154475
193.387566 207.289457
200.899117 205.079585
141.691584 168.583554
148.607729 162.287371
157.979510 162.504649
165.230327 167.602519
158.551926 170.643772
149.697137 171.332032
203.063849 167.196194
209.628139 161.597826
219.098654 162.397173
227.494047 168.451477
219.479968 171.495578
211.602160 170.487406
163.013229 233.131352
170.053888 226.348818
177.858648 222.954585
185.793047 224.151335
194.002947 223.176778
200.446730 226.495374
205.398582 232.345702
198.133561 234.735426
191.390050 237.376946
184.749830 239.047223
176.698365 238.014115
168.935562 235.907901
175.098294 228.530491
185.373401 228.348252
194.399071 229.211470
193.866261 230.948995
185.099458 230.741714
175.384565 230.906107
