71 297 41 325
64
165.816666 90.900002
202.850006 94.266663
242.408325 146.449997
247.458328 165.808334
246.616669 205.366669
242.408325 232.300003
203.691666 274.383331
165.816666 273.541656
128.783325 232.300003
121.208336 206.208328
120.366669 166.649994
122.891663 147.291672
132.149994 153.183334
138.883331 148.975006
146.458328 147.291672
154.875000 148.975006
162.449997 149.816666
208.741669 146.449997
215.475006 146.449997
222.208328 146.449997
228.941666 147.291672
234.833328 150.658340
186.016663 164.125000
186.016663 174.225006
186.016663 183.483337
186.016663 192.741669
171.708328 207.050003
179.283325 207.891663
186.858337 207.891663
192.750000 207.050003
198.641663 204.524994
140.566666 167.491669
149.824997 160.758331
159.083328 160.758331
165.816666 165.808334
159.083328 170.016663
149.824997 170.858337
203.691666 164.966660
210.425003 160.758331
220.524994 161.600006
228.100006 167.491669
220.524994 171.699997
212.108337 170.858337
163.291672 232.300003
170.866669 225.566666
178.441666 222.199997
186.858337 222.199997
193.591660 222.199997
201.166672 225.566666
207.899994 232.300003
199.483337 233.141663
192.750000 233.983337
186.858337 234.824997
179.283325 235.666672
170.866669 235.666672
177.600006 228.933334
186.858337 228.933334
194.433334 228.933334
193.591660 229.774994
186.858337 228.091660
177.600006 229.774994
0.008333 0.000000
0.008333 0.000000
0.008333 0.000000
