69 284 57 318
64
164.300003 106.362503
202.399994 107.156250
229.387497 149.225006
234.149994 166.687500
234.943756 204.787506
234.149994 218.281250
203.193756 268.287506
165.093750 268.287506
123.025002 219.074997
117.468750 204.787506
119.056252 167.481247
123.025002 149.225006
130.962494 156.368744
137.312500 152.399994
145.250000 149.225006
153.981247 148.431244
162.712494 150.018753
206.368744 149.225006
214.306244 148.431244
220.656250 150.018753
228.593750 150.812500
234.149994 154.781250
186.524994 166.687500
186.524994 177.006256
186.524994 186.531250
186.524994 195.262497
172.237503 205.581253
179.381256 205.581253
186.524994 206.375000
189.699997 205.581253
195.256256 203.993744
142.074997 168.274994
149.218750 161.131256
157.949997 161.131256
164.300003 166.687500
157.156250 170.656250
150.012497 170.656250
202.399994 167.481247
209.543747 161.925003
219.862503 161.131256
227.800003 166.687500
219.862503 170.656250
211.925003 169.862503
161.918747 218.281250
167.475006 213.518753
175.412506 211.137497
183.350006 211.931244
191.287506 212.725006
198.431244 214.312500
203.193756 219.074997
196.050003 219.074997
188.906250 219.868744
183.350006 219.868744
175.412506 219.868744
166.681244 219.868744
173.824997 216.693756
182.556244 216.693756
189.699997 217.487503
189.699997 216.693756
183.350006 214.312500
173.824997 215.899994
-0.006250 0.000000
-0.006250 0.000000
-0.006250 0.000000
