70 292 52 324
61
164.904565 102.123507
203.478165 101.849058
238.174733 148.225495
241.778181 167.660838
242.041049 208.000389
240.513856 232.249962
203.935437 273.860260
165.355592 277.314478
128.641260 232.508965
120.770461 208.279166
120.423058 167.939493
122.787490 148.485618
134.076222 151.750364
140.983423 149.684522
149.469523 148.468685
158.062699 148.984912
165.853307 150.229505
205.636191 148.793345
213.055296 147.934340
220.763729 148.283779
228.807011 149.730202
235.131348 153.620322
185.696788 162.554237
184.789291 173.014025
184.327229 183.530101
184.554510 193.236862
172.657862 208.594158
178.571459 207.527836
186.152875 206.533608
192.681487 206.316927
198.996845 207.753233
144.775607 167.505280
150.772367 161.612743
158.733347 162.524906
165.079976 167.846466
157.752048 169.209938
150.623413 169.531469
203.654456 167.520091
210.445647 161.854032
218.854721 162.487758
226.060078 168.404297
218.504357 169.754486
211.453510 169.451148
161.259743 232.196825
167.764608 225.320772
176.532864 222.607159
184.611488 222.956624
193.328566 222.851977
200.775085 226.656267
206.829869 232.604245
199.030034 234.869491
191.152103 236.048762
184.353356 236.805014
175.911275 237.127478
166.794041 236.043336
173.416518 229.147687
184.235499 229.476816
194.293288 229.517954
193.320718 231.615726
184.070015 230.023657
173.111331 230.796969
