71 291 57 341
61
164.755914 106.811610
200.473471 106.786195
235.916905 147.671569
241.491667 167.762035
242.208587 210.266802
240.637767 235.302538
200.930743 290.589753
165.206941 293.673277
123.341776 235.561541
119.530076 210.545579
120.908177 168.040690
124.940766 147.931692
130.933742 155.640019
138.074466 150.632963
146.929095 148.127012
156.456463 148.501616
165.888076 149.315061
201.661129 147.549177
210.949673 147.254417
219.543611 147.517606
228.410544 148.498000
235.774247 153.941492
184.949856 162.564735
184.707407 173.750940
184.436232 185.584063
184.901724 196.657172
171.478143 210.531418
177.721796 210.883589
185.269123 211.790845
191.213044 210.818324
196.935804 210.348758
140.789130 168.137164
148.166608 161.001236
157.449834 160.956988
164.931325 167.435648
158.172740 170.309433
149.661415 170.578701
200.649762 168.195121
208.080481 160.896663
218.431838 161.063168
225.815265 167.913084
219.093237 171.285464
210.660139 170.788361
159.462121 235.378674
165.743183 227.024608
174.947695 223.139489
184.280380 222.855916
193.638421 223.408349
201.288524 227.850585
207.011670 235.527592
199.308895 236.500569
190.565079 238.326432
183.314127 238.920294
174.590705 238.266645
165.863531 236.866135
172.563403 229.227426
184.301163 228.232661
195.261538 230.032470
193.835766 233.718211
183.380764 233.006441
173.076765 233.362774
