71 291 57 341
64
164.500000 106.891663
200.691666 106.891663
236.041672 147.291672
241.091660 167.491669
241.933334 210.416672
240.250000 235.666672
200.691666 290.375000
165.341660 293.741669
123.258331 235.666672
119.891663 210.416672
120.733330 168.333328
124.941666 148.133331
130.833328 155.708328
138.408325 150.658340
146.824997 148.133331
156.083328 148.133331
166.183334 148.975006
201.533325 147.291672
210.791672 147.291672
219.208328 147.291672
228.466660 148.133331
236.041672 154.024994
184.699997 162.441666
184.699997 173.383331
184.699997 185.166672
184.699997 196.949997
171.233337 210.416672
177.966660 211.258331
185.541672 212.100006
191.433334 210.416672
197.324997 210.416672
140.933334 168.333328
148.508331 160.758331
157.766663 160.758331
165.341660 167.491669
157.766663 170.016663
149.350006 170.858337
200.691666 168.333328
208.266663 160.758331
218.366669 160.758331
225.941666 168.333328
219.208328 171.699997
210.791672 170.858337
159.449997 235.666672
165.341660 227.250000
174.600006 223.041672
184.699997 223.041672
193.958328 223.041672
201.533325 228.091660
207.425003 235.666672
199.008331 236.508331
190.591660 238.191666
183.016663 239.033325
174.600006 238.191666
166.183334 236.508331
172.916672 228.933334
184.699997 228.091660
195.641663 229.774994
193.958328 233.983337
183.016663 233.141663
172.916672 233.141663
0.375000 0.000000
0.375000 0.000000
0.375000 0.000000
