70 288 44 336
64
165.933319 94.416664
203.699982 96.133331
234.599991 145.058319
238.033310 166.516663
237.174988 208.574997
232.883316 236.899994
203.699982 285.824982
165.933319 290.974976
126.449989 236.899994
117.008324 208.574997
120.441658 166.516663
123.016655 145.916656
129.883316 151.924988
135.891663 146.774994
144.474991 145.058319
154.774994 145.916656
163.358322 148.491653
209.708313 147.633331
218.291656 145.916656
226.016647 145.916656
233.741653 147.633331
239.749985 152.783325
187.391647 162.224991
187.391647 172.524994
187.391647 183.683319
186.533325 193.983322
168.508316 208.574997
176.233322 209.433319
186.533325 209.433319
195.116653 209.433319
201.124985 208.574997
141.041656 166.516663
149.624985 161.366653
159.066650 162.224991
165.933319 166.516663
159.066650 169.949997
149.624985 170.808319
203.699982 166.516663
209.708313 160.508331
220.008316 161.366653
227.733322 167.374985
220.008316 170.808319
212.283325 169.949997
159.066650 236.899994
167.649994 230.891663
176.233322 227.458328
183.099991 228.316650
191.683319 227.458328
199.408325 231.749985
208.849991 236.899994
199.408325 239.474991
191.683319 242.908325
183.958313 243.766663
174.516647 242.908325
166.791656 241.191650
173.658325 233.466660
183.099991 233.466660
194.258316 234.324982
193.399979 236.041656
183.958313 236.041656
172.799988 235.183319
0.274995 0.000000
0.274995 0.000000
0.274995 0.000000
