73 293 46 338
64
166.499985 96.133331
200.833313 96.991661
238.599991 149.349991
243.749985 168.233322
242.033310 209.433319
238.599991 234.324982
201.691650 287.541656
167.358322 284.108307
129.591660 235.183319
121.008324 209.433319
122.724991 168.233322
127.016655 149.349991
133.024994 152.783325
139.891663 150.208328
148.474991 150.208328
156.199982 150.208328
164.783325 151.924988
197.399979 150.208328
205.983322 149.349991
214.566650 149.349991
223.149979 148.491653
230.016647 150.208328
183.666656 163.083328
182.808319 174.241653
181.949982 185.399994
181.949982 195.699997
175.083328 210.291656
178.516647 211.149994
183.666656 212.008316
187.958313 211.149994
193.108322 209.433319
139.891663 169.949997
148.474991 161.366653
158.774994 160.508331
166.499985 168.233322
158.774994 174.241653
149.333328 175.099991
200.833313 167.374985
209.416656 160.508331
220.574982 161.366653
229.158325 168.233322
220.574982 173.383331
211.133316 172.524994
162.208328 234.324982
169.074982 227.458328
177.658325 224.024994
185.383316 225.741653
193.966660 224.883316
201.691650 228.316650
211.133316 235.183319
200.833313 237.758316
193.108322 240.333328
187.958313 240.333328
179.374985 240.333328
170.791656 239.474991
175.941650 231.749985
186.241653 231.749985
196.541656 231.749985
195.683319 232.608322
186.241653 231.749985
175.083328 230.891663
-0.016671 0.000000
-0.016671 0.000000
-0.016671 0.000000
