72 295 40 330
64
165.395844 90.541672
202.125015 91.395836
241.416672 146.062500
244.833344 167.416672
245.687515 209.270844
242.270844 235.750015
202.979172 280.166687
165.395844 280.166687
129.520844 235.750015
120.979172 210.125015
121.833344 167.416672
123.541672 146.062500
128.666672 146.062500
137.208344 144.354172
145.750015 145.208344
154.291672 147.770844
161.979172 151.187500
207.250015 149.479172
214.083344 146.916672
221.770844 146.062500
230.312515 146.916672
237.145844 150.333344
186.750015 163.145844
186.750015 175.104172
185.895844 188.770844
185.895844 200.729172
170.520844 210.979172
177.354172 215.250015
187.604172 215.250015
195.291672 212.687515
202.125015 208.416672
142.333344 167.416672
149.166672 161.437500
158.562515 163.145844
165.395844 168.270844
157.708344 171.687500
149.166672 171.687500
202.979172 167.416672
208.958344 161.437500
219.208344 161.437500
226.895844 167.416672
220.062515 171.687500
211.520844 170.833344
161.125015 236.604172
168.812515 229.770844
177.354172 226.354172
185.041672 227.208344
193.583344 226.354172
201.270844 229.770844
208.958344 234.895844
198.708344 237.458344
191.020844 237.458344
185.895844 237.458344
178.208344 238.312515
168.812515 239.166672
174.791672 234.041672
185.041672 234.041672
194.437515 234.041672
193.583344 234.895844
185.041672 233.187515
174.791672 234.895844
-0.312497 0.000000
-0.312497 0.000000
-0.312497 0.000000
