75 293 49 345
61
165.210662 99.098408
201.957549 100.240601
237.202046 147.234994
242.865534 168.424670
243.023146 207.438161
241.540093 235.994279
202.414821 294.814507
165.661689 290.697630
127.824081 236.253282
121.243634 207.716938
124.554879 168.703325
129.022514 147.495117
128.835897 154.579424
138.659365 149.550542
149.547345 147.559531
161.015023 148.018870
170.862414 149.564899
197.932998 148.576175
208.084029 147.501850
217.228178 147.212058
226.790511 148.819348
235.482014 153.819719
185.242950 157.744019
185.426510 169.294320
185.335751 181.309435
185.664507 192.765929
170.616516 207.942348
178.254371 209.261653
187.062680 209.765245
192.821091 208.485309
198.301032 207.280628
141.091396 168.151518
149.283346 161.423448
158.171889 162.231206
165.386073 168.611515
157.381661 171.796270
149.281870 171.126303
202.133840 168.847375
209.147223 161.404496
218.978253 161.391750
227.316472 168.721190
219.743792 171.805882
212.004386 171.834055
160.227236 236.382593
167.540164 229.049546
177.061472 224.411264
186.331400 224.076731
195.301697 224.209592
202.459732 228.456477
209.170490 235.907156
200.828109 237.444658
192.821071 238.727740
186.426819 239.170650
177.930156 240.021647
167.858686 239.926136
174.727185 230.873856
186.643674 230.240283
195.694691 231.118363
195.753544 234.436438
186.368560 231.717694
174.854089 234.414406
