72 294 58 325
61
165.927069 108.111935
201.744153 109.493790
238.639766 147.205617
244.034130 168.009087
246.467828 208.851614
242.866025 234.769328
202.201425 274.527776
166.378096 274.656463
128.967725 235.028331
121.563132 209.130391
121.587779 168.287742
125.737157 147.465740
129.860791 152.944026
136.322530 149.775200
144.699935 148.256155
153.765282 148.689491
162.130373 149.484515
199.313288 148.978878
209.363752 146.634503
219.335704 146.456625
229.457886 148.844746
236.818132 155.603767
182.348041 163.639641
181.431102 175.453516
180.852777 187.742116
180.853975 198.062348
168.036350 209.781737
175.671596 212.336569
182.911186 211.491637
191.711525 211.530323
200.800277 208.268096
140.370781 168.592099
149.121837 160.765673
158.741347 161.460741
166.102480 167.873093
158.866548 172.120390
149.512716 172.247567
201.920444 168.307312
209.449449 161.677861
220.924837 161.528931
229.745137 167.896676
221.414759 172.964708
211.413148 172.933000
163.597747 235.258259
170.401268 227.527329
178.437785 224.227498
185.866198 225.329617
194.105129 224.334941
201.134857 227.470256
208.071279 234.581600
200.053514 237.375309
192.274243 240.401606
185.781225 241.980933
177.714434 241.303629
169.817990 239.797850
177.475792 230.931089
186.103001 230.996019
194.164851 231.155324
192.875080 232.857044
185.429398 233.293679
177.311099 232.946225
