73 292 51 324
64
164.987503 101.525002
203.468750 103.981255
238.675003 149.012497
241.949997 166.206253
241.949997 206.324997
237.856247 231.706253
203.468750 274.281250
165.806259 270.187500
130.600006 231.706253
122.412498 207.143753
123.231255 167.024994
128.143753 149.012497
133.056259 153.106247
138.787506 150.649994
145.337509 149.012497
152.706253 149.012497
159.256256 150.649994
209.199997 148.193756
215.750000 148.193756
221.481247 148.193756
228.031250 149.831253
233.762497 153.106247
187.093750 162.931244
187.093750 174.393753
187.093750 185.037506
187.912506 195.681259
171.537506 206.324997
180.543747 208.781250
188.731247 209.600006
194.462509 208.781250
202.650009 207.143753
142.062500 167.024994
149.431259 160.475006
158.437500 161.293747
164.987503 166.206253
158.437500 170.300003
150.250000 171.118759
203.468750 166.206253
210.837509 161.293747
219.843750 161.293747
227.212509 167.024994
220.662506 171.118759
213.293747 171.118759
164.168747 231.706253
170.718750 226.793747
178.087509 222.699997
185.456253 223.518753
192.006256 223.518753
197.737503 225.975006
203.468750 231.706253
196.918747 231.706253
191.187500 234.162506
185.456253 234.162506
177.268753 233.343750
169.900009 232.525009
176.449997 229.250000
184.637497 229.250000
192.006256 230.068756
192.006256 227.612503
185.456253 226.793747
176.449997 226.793747
-0.399999 0.000000
-0.399999 0.000000
-0.399999 0.000000
