76 293 54 327
61
166.432957 103.582646
200.697021 103.974666
238.301012 149.414371
242.629560 167.691067
240.571438 208.571524
236.241583 232.885080
201.154293 277.188173
166.883984 274.447760
130.929859 233.144083
124.367628 208.850301
126.172254 167.969722
127.912944 149.674494
130.696648 154.485125
137.455355 150.851698
145.940975 149.367397
155.396109 150.284306
164.209194 151.952977
201.647082 150.960845
210.193248 149.401245
218.544564 149.762885
225.009685 150.507429
231.787171 154.376765
186.019800 166.025310
186.112146 175.323586
186.122977 185.040916
186.661246 193.223969
172.914386 209.505214
179.333783 209.659510
187.010415 209.169560
194.468875 209.401907
201.667219 207.984521
141.209561 168.780534
149.249291 161.525007
159.190900 162.180193
166.608368 166.876758
159.269743 172.365585
149.728791 172.925310
200.873312 167.550967
209.606389 162.375229
219.834280 163.038804
228.506385 168.188780
219.827943 173.049094
210.729759 172.183424
162.899548 232.915365
168.694396 227.260487
176.527209 222.808212
184.362462 223.167388
192.105562 222.174200
198.681637 225.960472
205.547773 233.155974
197.403327 233.803279
190.629176 237.091329
184.049446 238.308391
175.938646 237.437572
167.904023 235.446784
174.963132 229.323649
185.109956 228.924791
194.740545 229.063637
193.051040 229.800303
184.202152 231.125433
174.006710 230.522036
