76 290 45 326
61
165.318101 95.203696
203.423151 94.380289
236.681026 148.805406
240.428705 167.165725
239.950739 205.916686
237.177550 232.648243
203.880423 275.752682
165.769128 272.709033
143.096233 232.907246
128.676029 206.195463
125.578856 167.444380
127.028049 149.065529
130.450953 155.260452
137.820662 150.878266
146.683068 149.740196
156.577258 150.520775
165.911675 151.423344
204.057713 149.835276
212.150175 148.383712
220.164223 148.172157
227.795140 148.425852
234.990430 153.130273
183.979623 160.319806
183.870719 172.405250
184.246718 183.957824
184.163551 195.424774
170.152433 207.618477
178.197291 208.549879
187.487373 208.900898
193.909236 205.884718
200.567633 204.561594
141.709650 167.108393
149.105262 162.411137
158.214252 162.799998
165.493512 166.703532
158.676245 170.432612
149.752083 171.023975
203.599442 166.799939
210.396579 161.629569
219.752844 162.277868
226.653940 168.683822
219.492946 171.179308
211.810222 170.485115
167.268034 233.735261
173.194087 228.480250
180.779071 224.469964
186.774984 225.553914
194.204844 223.732070
201.090084 227.421840
207.468206 231.862374
200.073070 234.000556
192.844953 235.297828
188.045613 235.336752
181.818315 235.623867
173.810695 235.658608
178.461340 231.706149
187.007904 231.474015
194.947393 231.243528
193.956978 227.367562
187.758146 225.010378
179.832455 226.830277
