74 295 41 326
61
164.180965 91.292287
202.565554 91.018739
240.943027 148.722402
245.369975 166.669433
242.254188 206.456538
238.686491 232.704748
203.022826 275.524766
164.631992 273.700886
130.025317 232.963751
122.377723 206.735315
123.840154 166.948088
126.760368 148.982525
130.184792 151.874923
137.593083 149.490386
145.842955 149.088537
154.624396 149.593755
163.452769 151.514884
203.175485 150.380932
211.548538 149.175883
219.680283 148.657806
228.458423 149.157097
235.094179 153.748252
186.234422 164.216338
186.009545 175.011383
185.787688 184.984583
185.572896 194.428086
172.874886 207.718071
179.417707 209.793869
187.639054 209.838160
193.442363 209.252872
199.423910 205.541557
141.740391 168.037129
148.412672 161.636845
157.535009 161.800116
164.356376 166.010342
158.252591 169.523457
149.799538 170.174603
202.741845 165.361746
209.038983 161.128731
218.692493 162.344709
225.149000 167.901532
219.017202 170.776397
210.392590 169.966190
167.125432 232.719597
171.870620 226.527916
178.665053 223.961287
184.570201 225.963878
192.246003 224.733454
199.546022 227.552501
204.865905 232.991114
197.733729 234.526213
190.844833 236.278060
184.524244 236.688683
177.985110 236.123944
171.979100 234.553462
177.648824 230.092311
184.690684 230.613333
192.569123 230.640974
192.038501 231.134800
184.345372 230.473556
177.001066 230.753268
