69 292 42 326
61
164.793417 91.757753
202.288678 89.901142
238.451734 147.551806
241.822922 166.162044
240.529677 203.140394
244.098458 221.823770
202.745950 275.760461
165.244444 273.997762
125.971961 222.082773
120.908618 203.419171
119.214603 166.440699
122.179163 147.811929
128.411665 152.325587
136.268997 149.110834
145.940661 148.389616
155.358681 149.257342
164.307748 151.635077
206.339680 149.661848
214.525264 147.568559
223.082739 147.015584
231.416143 149.048948
237.084036 154.039139
185.595504 164.335335
185.742429 174.901987
185.845232 185.448377
186.460303 195.054073
172.423945 203.833559
179.405885 204.433871
187.374682 204.986029
192.788549 203.424619
198.542235 202.793882
141.978855 166.350376
149.423853 160.891115
157.815710 161.648649
164.968828 165.374694
158.081499 169.423234
149.507896 169.508843
202.464969 165.981198
209.158289 160.769167
218.871101 161.242556
224.612756 167.574775
218.657503 170.622535
210.541875 169.883203
163.821040 222.023247
169.567423 215.175876
178.559010 212.425064
186.513034 213.304990
194.482457 212.454720
202.344185 215.109404
209.426899 221.925502
202.363400 226.934493
195.065149 230.031509
187.783798 232.133859
178.598365 231.554175
169.469605 228.026591
175.692267 219.490688
185.962333 219.822975
195.484258 220.204463
196.923914 222.545049
187.381909 222.462120
176.295241 221.756431
