76 291 52 322
61
165.472350 101.793165
202.607735 105.093924
236.748076 144.753006
240.708193 166.546842
238.337110 208.343108
233.375059 232.300366
203.065007 271.908565
165.923377 270.468062
138.062738 232.559369
128.413656 208.621885
126.105183 166.825497
125.974685 145.013129
132.021476 149.163560
139.484121 145.904630
147.539232 145.571143
155.948864 146.773928
163.524212 149.564610
199.110210 149.798218
207.878078 146.650372
216.196140 144.236441
225.500296 141.881489
233.415162 144.250708
184.711624 164.285248
183.405801 175.639070
182.884277 186.681912
182.264262 197.965816
171.017051 208.451854
177.403915 212.295391
182.799397 212.018539
189.359259 211.116759
195.535321 208.581077
140.697752 166.224758
148.776384 160.798376
158.933248 161.178010
165.647761 167.137252
158.652137 171.484502
149.775180 171.619964
202.784026 167.837021
208.966936 161.541583
220.141409 160.933442
228.675641 165.621024
221.501778 172.227112
212.337451 172.484025
165.641258 233.186604
169.837906 227.148647
177.039648 223.782708
184.718656 223.578730
191.695329 224.068711
197.654808 227.529955
202.208930 231.715272
196.449086 235.810540
190.695861 239.740932
184.429144 241.869610
176.458766 240.337635
170.005618 237.760301
175.760441 230.553278
184.886253 229.732762
192.407573 231.189275
190.649370 233.221240
183.974627 232.552239
175.500738 232.977448
