71 297 41 325
61
165.747396 90.502215
203.249791 94.066842
242.165052 146.742892
247.285318 166.172596
246.871235 205.569886
242.631385 232.244294
203.707063 274.788853
166.198423 273.618741
128.564208 232.503297
121.365403 205.848663
120.638816 166.451251
123.193808 147.003015
132.472211 152.833920
138.498393 148.759549
146.435529 147.595070
154.987024 148.852118
162.050130 150.095343
208.716776 146.816406
215.664008 146.498815
221.905958 146.192230
228.567563 147.007588
234.517584 150.727215
185.744512 164.292948
186.002080 173.886181
186.253680 183.530633
185.910164 192.935453
171.453862 206.658420
178.961583 207.617782
186.603109 207.607873
192.898283 207.008035
199.007018 204.828057
140.896325 167.112025
149.897622 160.486188
158.679273 161.125545
165.922807 165.596016
158.793643 170.212360
150.103662 171.178518
203.426082 165.052041
210.599886 160.784630
220.776647 161.604073
228.299661 167.563165
220.592272 171.844962
211.782216 170.578671
163.567153 232.716281
170.612194 225.707592
178.506421 221.959746
186.440597 222.491142
193.678746 221.911871
201.056444 225.390588
207.969898 232.073423
199.539358 232.794426
192.585249 234.342232
187.016843 234.646662
179.418443 235.354601
170.522963 235.391915
177.825711 228.913681
186.660995 229.049394
194.550689 229.302204
193.478618 229.470923
186.523540 228.413684
177.717341 229.530162
