74 289 63 322
61
164.738933 112.606247
203.670285 112.692136
234.869556 146.893792
238.627378 167.273154
236.915434 210.548787
232.351313 233.035690
204.127557 272.039611
165.189960 275.741645
130.321098 233.294693
123.072608 210.827564
123.953762 167.551809
126.602708 147.153915
130.289513 152.728292
138.472075 149.234526
147.384486 147.459327
155.812931 148.569754
163.634039 152.204163
200.242281 152.529422
208.166541 148.291883
216.636219 146.629835
226.082010 146.864126
233.548049 151.741331
185.999265 165.794276
185.235206 177.068871
184.919627 188.199127
184.768065 199.262257
171.566428 212.072124
177.437275 212.808620
184.437042 213.124605
193.850709 211.398758
197.710881 209.372069
142.152607 167.606888
150.183979 161.376636
158.895279 161.814538
164.914344 167.284860
158.872157 170.513023
150.239416 170.426110
203.846576 168.740865
210.219739 162.137307
220.606416 161.844825
228.524347 166.092766
221.615735 171.433177
212.996623 171.322335
164.196326 233.040349
169.085055 227.427192
177.160015 223.354643
184.883845 224.510455
193.090239 223.586339
199.381544 226.816016
204.630984 233.332193
197.194261 236.127643
189.973746 236.407544
184.789279 236.994602
177.606538 237.437145
169.798087 237.563556
175.356175 229.343705
184.775167 229.563217
192.677750 230.335369
191.255115 231.636022
184.075815 230.144086
175.263303 230.758842
