69 292 42 326
64
165.183334 91.741669
202.216660 90.058334
238.408325 147.291672
241.774994 165.808334
240.933334 202.841660
244.300003 222.199997
203.058334 276.066681
165.183334 274.383331
125.625000 222.199997
120.574997 203.683334
118.891663 166.649994
122.258331 148.133331
128.149994 152.341660
136.566666 148.975006
145.824997 148.133331
155.083328 148.975006
164.341660 151.500000
206.425003 149.816666
214.841660 147.291672
223.258331 147.291672
231.675003 148.975006
236.725006 154.024994
185.383331 164.125000
185.383331 175.066666
186.225006 185.166672
186.225006 195.266663
172.758331 203.683334
179.491669 204.524994
187.066666 205.366669
192.958328 203.683334
198.850006 202.841660
141.616669 166.649994
149.191666 160.758331
157.608337 161.600006
165.183334 164.966660
158.449997 169.175003
149.191666 169.175003
202.216660 165.808334
208.949997 160.758331
219.050003 161.600006
224.941666 167.491669
219.050003 170.858337
210.633331 170.016663
163.500000 222.199997
169.391663 215.466660
178.649994 212.100006
186.225006 212.941666
194.641663 212.100006
202.216660 215.466660
209.791672 222.199997
202.216660 227.250000
195.483337 229.774994
187.908325 232.300003
178.649994 231.458328
169.391663 228.091660
175.283325 219.675003
186.225006 219.675003
195.483337 220.516663
197.166672 222.199997
187.066666 222.199997
176.125000 221.358337
0.216666 0.000000
0.216666 0.000000
0.216666 0.000000
