76 292 53 326
61
165.793640 103.079622
202.626791 105.238320
238.888906 147.783504
241.648619 167.040435
240.151938 207.604346
238.390530 234.418640
203.084063 275.583321
166.244667 269.885380
137.176477 234.677643
128.055110 207.883123
125.925224 167.319090
127.317836 148.043627
129.600485 154.388594
137.046032 149.708616
146.922593 148.142514
157.648191 148.360956
167.261550 150.190447
205.762109 149.065619
213.887528 147.875991
221.348823 147.726049
229.688163 148.117570
236.642971 152.010798
185.163549 160.951103
184.665190 172.115883
184.993944 183.247346
185.620591 193.296535
172.417839 208.973270
180.011730 209.098499
188.658409 209.995937
193.345869 207.947815
199.319788 206.582007
142.088763 167.525255
148.773134 161.246997
158.877772 162.050873
165.969051 166.202555
158.925007 170.018691
149.646901 170.773070
202.803082 166.945824
209.472368 161.402203
219.972140 161.885617
227.156228 168.120963
219.609353 171.314592
211.256886 170.327900
162.441339 234.827959
168.643984 228.344690
177.396763 224.188925
185.538946 225.972680
193.858307 225.100017
200.951208 229.080735
207.368160 234.310482
198.706801 236.746883
191.509064 239.651880
184.937977 241.118454
176.937845 241.441620
167.781504 239.846412
174.071347 231.395096
185.886175 231.562419
195.868497 231.775386
194.291707 232.257007
184.502700 232.461413
173.178560 232.783594
