74 289 63 322
64
165.085403 112.752075
203.774994 112.752075
234.568741 146.704163
238.516647 167.233322
236.937485 210.660416
232.199982 232.768738
203.774994 272.247894
165.085403 275.406250
130.343735 233.558319
123.237495 210.660416
124.027077 167.233322
126.395828 147.493744
130.343735 153.020828
138.239578 149.072906
147.714569 147.493744
155.610413 148.283325
163.506241 152.231247
200.616653 152.231247
208.512482 148.283325
216.408325 146.704163
225.883316 146.704163
233.779160 151.441666
185.614578 165.654160
185.614578 176.708328
184.824997 188.552078
184.824997 199.606247
171.402069 212.239578
177.718735 213.029160
184.824997 213.029160
193.510406 211.449997
197.458328 209.081238
142.187485 167.233322
150.083328 161.706238
158.768738 161.706238
165.085403 167.233322
158.768738 170.391663
150.083328 170.391663
203.774994 168.812500
210.091660 162.495834
220.356232 161.706238
228.252075 166.443741
221.935410 171.181244
213.249985 171.181244
164.295822 232.768738
169.033325 227.241653
176.929153 223.293747
184.824997 224.872910
192.720825 223.293747
199.037491 226.452072
204.564575 233.558319
197.458328 235.927078
190.352066 236.716660
184.824997 236.716660
177.718735 237.506241
169.822906 237.506241
175.349991 229.610413
184.824997 229.610413
192.720825 230.399994
191.141663 231.979156
184.035400 230.399994
175.349991 230.399994
0.062497 0.631250
0.062497 0.631250
0.062497 0.631250
