82 292 38 327
61
164.172600 87.586517
202.900266 88.837941
236.860463 144.648888
241.670559 166.749567
239.378912 211.305703
237.259297 225.857013
203.357538 276.869623
164.623627 271.545299
141.574214 226.116016
135.218623 211.584480
131.751471 167.028222
132.528595 144.909011
133.785555 147.294720
139.711377 145.072098
147.111939 145.529465
154.627656 147.355271
161.099912 149.487382
196.395322 146.014519
205.877132 144.067433
215.426516 144.069888
224.562910 145.060313
232.666079 148.323807
181.418280 163.681533
181.066728 177.234494
180.683019 190.537209
181.103868 202.923476
168.275347 212.599078
175.965567 214.592779
183.709371 214.920158
189.489507 213.105240
195.383116 210.358935
143.895729 165.952999
150.694342 162.071505
159.123490 163.345151
164.348011 167.552602
157.938739 169.292833
150.408149 168.987742
203.076557 166.720146
210.032326 162.468801
218.857152 163.079146
224.906470 167.405279
218.807620 170.223916
210.817833 169.532799
156.918670 226.719189
165.401877 221.788839
175.024109 219.676954
183.485266 220.105657
193.479777 219.337453
203.175043 220.314735
212.439898 225.296045
205.497009 232.384580
195.981455 239.493237
185.117833 241.993763
173.657334 240.430406
163.966521 235.514058
169.859982 223.905526
183.641898 223.298866
198.853338 223.419622
200.009503 232.192515
184.458204 233.764072
169.078908 232.493774
