70 292 54 341
61
165.517760 103.654908
203.096518 102.173693
239.579839 148.828882
241.791630 167.581639
241.568454 214.759905
242.770913 227.637002
203.553790 290.854714
165.968787 287.582656
122.363257 227.896005
120.245340 215.038682
119.765731 167.860294
121.798334 149.089005
128.771435 155.112397
136.831927 150.784619
146.889665 149.644498
156.369723 151.081446
165.405061 154.497664
203.951479 151.945801
211.690638 149.093328
220.061755 148.314782
228.197803 148.358879
234.681771 151.706790
187.959064 170.623112
187.270226 180.180794
186.499744 189.599404
185.987418 198.482393
171.447035 216.253902
179.124468 215.818928
186.487075 216.233797
191.342682 215.241508
195.728902 213.612539
140.445790 167.725114
148.559614 161.518008
158.891544 162.423463
165.693171 168.088857
157.796027 170.992507
148.599304 171.042502
203.272809 168.139483
209.677089 162.129264
219.749902 162.451740
227.378228 167.005811
220.632554 170.949368
212.221955 170.857574
152.660539 228.982639
162.348524 223.925234
174.075331 221.916835
184.420705 223.495120
194.473140 222.674028
203.846723 223.664620
214.295681 226.592505
203.092463 233.730242
193.153850 239.537796
182.944470 241.715756
171.398576 240.582956
159.487261 236.090834
168.284137 227.916417
184.677400 229.505279
198.466569 228.389771
198.369809 233.557264
183.409486 234.982274
167.058285 233.636681
