76 289 58 318
61
165.296188 107.748291
202.927151 108.008531
238.971058 150.233446
238.947416 167.807277
238.879291 205.482071
237.283991 222.918400
203.384423 267.569123
165.747215 266.520995
132.302547 223.177403
125.065358 205.760848
126.078546 168.085932
127.895778 150.493569
128.705971 156.341107
136.537121 152.407186
145.604013 150.638767
155.106293 150.123921
164.472152 152.545152
202.852321 151.510504
212.070107 150.388645
221.557147 150.129700
230.450897 151.709012
238.068736 156.645457
185.103760 164.679808
185.054749 175.437337
185.162627 186.569105
185.740706 196.376853
172.632957 205.218440
179.208392 207.674095
187.275239 208.476392
192.028043 208.591864
198.310096 206.092301
141.797249 167.874410
148.972728 161.680134
157.621779 161.996334
165.471599 166.906184
157.883171 171.701659
149.867861 171.782696
203.103442 168.149448
210.073905 162.058908
219.954754 162.752245
227.456631 168.931941
220.521158 171.973792
211.973600 171.473133
161.153659 222.476470
169.353769 217.898442
178.872030 218.004836
186.814757 219.677612
195.685765 218.570244
204.708460 219.439418
214.577617 223.661537
204.859798 228.284101
195.024636 230.387598
187.427098 230.632231
178.591394 230.928073
168.596631 228.473844
175.609072 224.082646
187.518145 225.452934
198.166948 225.080817
199.064100 224.435690
187.666481 222.546140
175.027705 223.840883
