76 292 45 320
61
166.203825 95.403408
204.153536 97.125453
238.879992 148.230945
241.689111 167.076706
242.215216 202.872735
240.349447 222.980181
204.610808 270.019982
166.654852 272.843658
129.564491 223.239184
125.439519 203.151512
126.063062 167.355361
126.909419 148.491068
130.680601 156.356788
138.529373 151.285483
147.942524 149.138172
158.830570 149.302949
168.929720 152.163134
202.895082 150.427344
210.564285 148.187121
217.908699 147.625253
226.196106 147.324225
233.598963 149.990934
186.467502 161.987974
185.692689 173.586690
185.067471 184.986953
184.777853 195.597814
171.035612 203.330606
178.100507 205.959622
187.049068 208.232407
192.728425 205.448221
199.413184 202.761561
141.099929 167.789116
149.003518 164.934874
156.683110 165.002129
166.379236 167.125980
157.622746 169.198604
150.218817 169.554338
204.329827 167.021254
210.040189 164.836981
218.138556 165.368146
225.876164 167.003375
219.056008 169.387208
212.180879 168.831901
155.900012 223.843710
164.422010 218.874893
175.000730 216.491646
185.322258 216.980596
194.907444 216.598628
203.535647 218.464672
212.237587 222.417838
202.858259 226.989181
194.307208 230.113163
185.593591 230.563850
175.270834 231.220613
164.900479 229.839324
171.360410 221.122070
185.290104 221.962535
198.080615 221.333270
197.441450 224.682542
184.850182 223.687317
169.746998 225.265884
