67 290 55 332
61
164.651170 104.685658
201.177140 104.472501
237.596798 147.914874
239.810003 167.857496
237.109653 209.744595
234.785212 228.635569
201.634412 282.281554
165.102197 281.217197
125.787855 228.894572
118.532049 210.023372
117.201887 168.136151
121.101817 148.174997
131.109872 151.055275
140.819184 148.733320
150.601224 148.442465
159.926755 148.906993
168.668274 150.372431
200.704915 149.048588
209.276620 147.326445
217.551670 147.688793
226.007860 147.932491
234.568338 150.644387
184.386738 164.336869
183.843975 175.406167
183.108626 186.647855
183.383371 196.990438
168.515896 210.478088
175.893504 211.801134
184.317771 212.288270
190.087906 211.399002
194.845858 209.357745
141.875349 167.658198
149.382926 162.397713
158.156485 162.237177
164.826581 167.458436
158.521491 169.278770
149.887080 169.613539
201.353431 168.090416
208.248425 161.867601
218.515600 162.213057
226.126373 168.855804
219.424414 170.175812
209.764388 169.631306
155.726469 228.550398
163.046157 219.620127
174.596637 216.270405
185.143522 216.896403
196.609351 216.638554
207.276173 220.524040
214.209847 229.021903
205.622027 237.831988
194.804023 244.039759
183.547681 245.937516
171.250699 244.884994
160.843109 239.077180
170.105258 222.082268
184.938011 222.060046
200.844230 222.783621
199.461577 236.070266
183.577130 237.328334
168.490216 235.918181
