66 296 43 344
61
165.694288 92.824746
202.080077 92.277280
244.444744 150.424012
245.528830 168.212064
245.378736 208.466734
245.162650 227.425465
202.537349 294.285547
166.145315 291.062370
118.403843 227.684468
115.279083 208.745511
115.713863 168.490719
117.957830 150.684135
129.054627 155.431093
137.461524 152.597205
147.459750 150.969523
157.566141 150.697000
167.158628 152.946260
200.952734 151.453061
209.151408 150.201271
216.987704 150.179973
225.417550 150.697030
233.789712 153.484340
186.852656 164.590983
187.674979 176.147154
187.827192 187.382781
188.747153 198.919170
173.282053 209.810704
181.692292 211.319779
189.185252 212.494272
195.701565 210.336352
201.938227 207.469344
140.451707 168.206688
149.200809 162.730889
158.958692 162.933821
165.869699 168.095630
158.548303 171.062714
149.904705 171.273148
202.256368 168.165397
210.090905 162.648611
219.989678 163.387574
228.503071 169.013202
220.373442 171.084390
212.024697 170.820097
151.112466 227.418718
162.053042 222.296251
174.389975 221.700417
185.625967 222.456541
196.408634 222.202160
207.025252 222.427241
218.018182 227.733337
206.756809 235.461130
195.731552 241.228846
184.324095 242.453683
172.104141 241.747015
159.635017 236.759437
168.817618 226.697011
185.898120 227.885114
200.502316 227.169916
200.571863 234.827745
185.420414 236.318163
166.978080 234.599608
