71 292 49 327
61
165.143061 98.978995
202.394174 98.117124
241.099582 150.749957
242.347089 167.072704
243.537680 208.487042
242.683984 226.870782
202.851446 277.052054
165.594088 270.872824
131.725959 227.129785
123.138554 208.765819
121.129633 167.351359
122.249145 151.010080
131.953832 154.396509
139.474353 151.435981
146.769673 151.147705
154.764560 151.771261
162.112833 154.197407
197.892190 153.935038
207.485725 150.966935
217.045607 150.653768
226.218639 151.612296
233.711719 156.489151
183.473255 166.179302
182.336301 179.149540
181.298510 191.740528
181.110915 203.132081
167.497057 208.675283
174.671240 213.033594
184.571159 215.283050
192.941397 212.011722
200.746824 208.645536
142.401476 166.957414
149.391109 162.928467
158.130629 162.876751
165.318472 167.160265
158.185806 168.639193
149.688144 168.397771
202.570465 166.573615
209.791947 162.707220
219.667731 163.868099
227.102226 168.232426
219.333451 169.158683
210.621039 169.148018
154.335051 226.554244
162.630464 222.296861
172.955211 220.938019
183.315036 221.665672
194.267949 221.379851
206.113565 221.687177
217.507380 227.488480
206.226426 232.973896
194.951209 236.764664
184.255627 238.199213
172.509928 236.798457
162.210196 233.992787
169.189342 225.491862
183.572851 227.030591
198.905645 226.806433
198.887858 232.293830
183.970086 231.664176
168.979894 230.963945
