73 295 53 324
61
166.339144 102.777021
202.232146 104.238744
240.475063 150.504592
245.328992 167.237336
245.399446 206.582525
242.069705 224.269556
202.689418 273.595682
166.790171 273.092029
125.551989 224.528559
121.822603 206.861302
123.206948 167.515991
124.690060 150.764715
131.346267 157.669492
139.218720 153.587932
147.935499 151.783512
157.483551 151.708242
165.992015 153.474350
205.620807 150.854433
213.747075 149.211677
221.446394 149.527194
228.317928 151.047639
234.457992 155.236294
184.836682 161.155857
184.207738 173.494054
183.339096 185.543169
182.783955 197.791341
170.498105 207.017948
177.491977 208.897581
185.349084 211.754381
192.016093 209.262578
197.570859 206.493781
142.286083 167.019609
149.732234 163.490677
157.676745 163.764403
166.514555 166.946686
158.305582 168.692268
150.191308 168.361795
202.408437 167.103974
208.790581 163.757043
217.842811 164.814600
224.738361 168.511906
218.381984 169.892276
210.147867 168.762471
155.694827 224.917758
164.878685 220.685879
174.256674 219.297332
183.478755 220.201619
193.265418 219.622854
202.133970 220.794382
211.101008 223.922529
201.780221 228.200680
192.836304 231.230336
184.333191 231.985856
174.267355 232.226168
163.679011 230.218527
171.298151 223.308629
183.746393 224.269387
194.586135 223.725911
195.000217 225.471830
184.150196 224.612752
170.918201 225.358387
