75 288 51 331
61
165.022834 100.683745
202.629342 100.722312
235.990098 148.127204
238.072293 168.057382
236.651446 209.623702
234.767492 228.578202
203.086614 280.865430
165.473861 280.173307
129.401119 228.837205
122.276721 209.902479
124.800680 168.336037
126.101410 148.387327
134.244641 151.281903
142.280539 148.718322
150.606308 148.948642
158.427626 151.253239
165.340332 154.509550
201.091011 152.084190
208.659495 149.151385
216.576771 147.607406
223.761731 148.390175
230.687560 152.716715
185.363931 166.513683
185.367667 177.894735
184.879076 188.909386
184.722231 199.142726
171.979035 211.032863
178.923257 212.044064
185.594270 213.185823
191.850717 210.975482
197.781921 208.561187
141.937360 167.804222
149.408858 162.785212
158.373007 163.467888
165.198245 167.720369
158.009132 170.717821
149.698001 170.588062
202.805633 168.694387
210.194151 163.910025
219.695555 164.160463
227.836275 168.643369
220.705956 170.965519
212.257256 170.814191
162.000343 229.741066
167.690832 223.142586
177.043845 220.747496
185.683894 221.237025
195.483443 221.296245
204.952524 222.344050
212.636043 227.716481
204.937239 234.598946
196.492427 241.080141
186.424896 244.104336
175.231520 242.351195
166.750575 237.502489
173.117468 227.101914
186.222549 227.332503
200.056614 227.214932
199.965458 234.071625
185.966030 236.955529
171.623148 234.421238
