71 290 56 328
61
164.672493 105.502558
203.505113 106.361176
235.523510 149.154350
240.030264 166.800271
237.882002 206.011926
236.984628 227.504809
203.962385 277.607898
165.123520 276.997111
122.991149 227.763812
120.071467 206.290703
120.933384 167.078926
123.965577 149.414473
129.012263 156.038156
136.642565 151.638345
145.355681 149.027780
154.777654 148.887756
163.099579 151.374881
200.229783 151.779233
208.075234 149.818494
216.162668 149.582436
225.131943 150.899194
233.681344 153.672369
185.231025 162.341439
185.487394 174.774726
185.079190 186.373039
185.605580 198.023447
169.381816 205.670740
177.220390 208.320311
186.550361 212.219068
194.268272 209.306974
201.038678 206.699809
143.270999 166.559902
149.622996 162.172748
157.654208 162.789249
164.847904 166.415973
158.096666 169.385298
150.371223 169.487743
203.681404 166.668174
210.275975 163.064827
218.752878 163.722958
226.291872 168.190023
220.307513 169.787864
212.142792 168.991913
155.153027 227.018294
161.881843 220.492997
173.562179 218.557808
184.255277 219.122327
195.811395 219.648096
206.151532 221.919691
214.100429 228.292512
206.586390 233.060022
196.847736 238.136218
186.012111 238.857340
173.550786 237.773581
162.154553 233.418691
169.864812 224.302683
184.796701 224.576752
199.702458 224.988113
199.049907 231.440593
185.527422 231.822217
169.046805 230.151848
