71 292 52 330
61
165.746262 101.527052
201.133485 101.655391
235.799056 149.163672
242.167105 167.096785
240.723522 207.051670
239.636751 228.101861
201.590757 280.263484
166.197289 280.110547
128.351184 228.360864
121.540299 207.330447
120.788305 167.375440
124.049334 149.423795
130.705070 155.899776
136.264834 152.423050
143.884297 149.857651
152.929794 148.939604
161.214863 149.986427
207.281452 148.595966
214.774976 148.154754
222.477560 148.771133
229.829137 149.775762
236.666870 154.146560
186.738382 166.648734
186.809920 176.695303
187.246736 187.294161
188.100849 196.857776
171.642217 208.715013
181.561518 209.224981
189.991994 209.657529
197.228080 208.770966
203.025067 205.735047
142.043661 167.677460
149.362932 162.425925
158.602746 162.406660
165.921673 167.324963
158.909922 169.188876
150.038665 169.782445
201.309776 166.977765
208.574823 162.173686
218.815634 162.317092
227.567244 167.039938
219.125263 169.107262
210.554907 168.859338
158.378917 230.016396
166.443068 223.708454
176.634666 221.583197
186.697747 221.780193
196.730503 221.525280
204.402083 222.425228
209.296613 226.488516
203.565945 235.432555
196.485642 241.781008
187.572757 243.747510
176.493880 243.310373
165.046099 239.973878
171.418437 226.974449
186.736579 226.015691
199.080222 226.012755
198.700272 233.922296
187.292151 236.305702
171.344153 235.832864
