73 288 52 325
61
163.919621 102.400143
202.800045 102.828769
236.513610 150.804839
237.951436 166.281835
238.069868 206.208377
235.739294 223.677180
203.257317 275.159328
164.370648 273.186883
127.810425 223.936183
120.841029 206.487154
123.222947 166.560490
122.641714 151.064962
131.513368 153.893386
138.898604 151.733863
148.273711 151.556925
157.044500 152.228002
165.065556 154.750000
204.465850 153.715786
212.503066 150.642690
220.397723 150.354201
228.355455 151.018195
235.245620 154.511875
187.087728 161.618364
187.233085 173.625401
187.211670 185.925833
186.853861 197.710055
169.091552 207.296951
178.447926 211.394623
187.197832 213.101684
195.833816 210.528860
203.531063 205.466421
141.258988 166.244669
148.881877 163.143499
156.916238 163.347367
164.095032 164.917627
157.249002 167.426645
149.903111 168.230408
202.976336 167.155445
209.709197 163.425490
218.081306 163.911141
224.708852 167.442489
218.848442 168.645485
211.465053 168.486821
157.391221 224.446898
165.235480 220.071810
176.243275 218.869844
186.269628 219.621054
195.860873 218.835355
205.374312 219.335390
213.871427 223.208666
206.496320 231.707820
197.626756 238.429733
187.255007 240.851237
175.354982 239.280461
164.380245 234.555149
171.841811 224.393355
186.178349 224.336308
198.835999 223.977072
200.627166 229.544163
187.121909 231.580914
171.485115 229.779693
