78 293 54 327
61
165.628596 104.365105
200.366569 105.970267
238.816224 147.763473
243.034515 167.846753
244.730528 204.373888
244.704357 214.895906
200.823841 277.376868
166.079623 262.476561
138.413293 215.154909
132.495881 204.652665
128.323673 168.125408
129.057037 148.023596
132.031933 150.928277
138.821003 149.083166
145.989602 149.478695
152.961639 150.767933
158.630107 153.658560
198.787592 153.095202
206.559059 149.250499
214.476617 146.349857
223.200450 144.820433
229.698778 148.335665
183.133545 169.168986
183.050602 180.826991
182.693263 192.492570
183.240770 203.450233
172.122734 205.935838
179.755023 209.459385
186.408230 209.467507
194.413307 207.521331
201.273179 203.158540
140.454560 167.072153
148.556361 161.733730
158.672851 162.570541
165.804007 168.775904
156.996100 170.903067
148.500730 170.078280
200.542860 169.065625
208.289262 162.382251
220.035563 161.858177
229.416671 167.106287
221.097191 170.840565
211.525733 170.928677
158.224954 215.388885
164.195037 207.505204
175.568392 205.022674
187.158229 204.535531
200.098587 204.143981
212.359059 205.785709
222.176654 214.704076
215.650438 227.468007
204.312536 239.036424
190.118341 243.359843
174.140194 239.814223
162.842710 230.396838
170.286588 210.555094
188.020342 210.784543
206.194892 210.352765
207.956922 230.652024
189.290422 234.696917
169.748839 230.803021
