71 285 42 324
61
164.417621 91.857873
202.966018 93.406644
231.930211 147.990167
235.357807 167.076138
233.290585 210.637108
230.138741 227.053791
203.423290 274.072763
164.868648 276.928874
122.705004 227.312794
119.012333 210.915885
121.020083 167.354793
123.515230 148.250290
129.759810 154.442857
136.770152 150.251764
145.716738 148.842283
154.266927 149.807599
162.763614 151.652581
204.213343 150.716854
211.595438 148.192089
219.257313 147.439568
226.683415 148.127272
232.167540 151.545078
185.713296 168.476150
185.148305 179.175322
183.778218 189.530114
183.282927 200.126938
170.070380 211.696476
178.623374 212.942360
184.842235 213.038731
190.409273 212.817091
194.942355 209.924391
141.888831 166.758637
149.469145 160.991321
158.828541 161.103334
164.593032 167.290143
158.343166 170.653153
150.620026 170.597815
203.142309 167.832691
210.223827 161.032962
220.317320 160.933105
228.025701 167.055872
220.228622 171.527581
212.210277 171.016845
155.086217 227.592941
164.424141 223.400349
173.943489 221.206011
183.030907 221.863050
190.711370 220.958394
198.002257 221.887719
207.360954 226.815849
199.001816 232.634946
191.423320 238.528416
182.631614 240.379071
171.478623 239.975622
162.210431 234.851498
171.554543 225.632452
183.002018 226.337037
191.606283 226.249447
191.704466 232.371974
182.370396 232.808354
169.878152 232.862278
