74 292 42 323
61
166.319067 92.166856
202.613733 92.846178
238.227860 149.250221
241.597429 168.019861
238.915252 210.131416
240.028800 225.859673
203.071005 272.756136
166.770094 269.204381
133.360072 226.118676
126.796872 210.410193
123.882414 168.298516
126.250087 149.510344
127.180102 158.258754
134.628229 152.599657
143.953399 149.534719
153.961728 149.487853
163.357552 151.319820
206.740480 148.639469
214.113082 148.350271
221.797053 149.267180
228.732835 149.853636
236.157289 152.882600
185.782188 164.230370
185.698173 176.523268
185.583003 188.708587
185.770946 198.600335
171.095640 209.917228
176.829201 212.599773
185.408176 213.437350
193.616129 213.872326
198.543614 210.692311
140.679183 167.905442
149.371577 161.700156
158.268811 162.704247
166.494478 167.789418
157.666127 170.775740
149.334499 170.383375
202.790024 168.023539
210.803300 162.117513
220.528926 162.463876
228.082458 168.993754
220.574083 170.751809
212.121326 170.792462
157.428559 225.693312
165.990003 220.107482
176.420871 219.631357
186.206145 220.564791
195.604136 219.839632
204.587883 220.203616
214.091481 226.327207
204.418692 229.633713
194.974838 232.400425
187.094167 233.136478
176.162198 233.808772
164.521192 232.172324
173.994562 225.274022
186.057617 225.371783
197.778899 224.556317
197.380842 227.926376
186.386777 227.109701
173.302132 228.263736
