69 292 46 330
61
166.560655 95.598393
202.058013 93.701258
240.386347 149.881565
242.470160 169.340673
240.966175 208.083963
238.523644 228.378540
202.515285 280.011197
167.011682 287.502449
121.338906 228.637543
116.271143 208.362740
119.248050 169.619328
124.071810 150.141688
132.212439 153.815630
140.802410 150.748769
150.531198 150.311823
160.266935 151.129121
169.559108 152.926967
201.208309 150.436006
210.289713 149.637090
218.287729 149.752838
226.823146 151.258466
234.956866 155.979641
186.388190 163.084995
185.808552 174.701706
185.500404 186.010576
185.297209 196.250190
169.316903 209.143092
176.220654 212.253598
185.234864 213.294757
192.592410 211.524698
199.063729 207.371435
140.783979 168.646628
149.381312 160.899123
159.238955 161.933790
166.736066 170.193164
158.181289 172.148907
149.221838 171.636835
202.234304 169.323255
208.655081 161.150699
219.190515 161.463009
226.973115 169.832474
219.710730 172.379719
211.381408 171.895881
150.748245 228.280148
160.562955 222.855133
173.078563 221.892385
183.993930 221.697564
193.885850 221.689684
204.156559 222.555454
213.012096 228.778069
201.842961 234.288754
192.161695 238.334712
182.824924 240.660163
170.326422 240.390946
158.219238 237.032334
168.572953 226.941862
183.935422 227.333946
196.749349 226.903975
195.877071 233.226061
182.390690 234.367141
166.164785 234.198615
