75 288 56 327
61
165.264105 105.531766
202.281113 106.243278
236.737035 150.045561
237.774400 168.197960
235.132572 202.862180
237.084091 218.323995
202.738385 277.042839
165.715132 273.107456
129.844871 218.582998
127.453270 203.140957
124.996266 168.476615
128.006671 150.305684
127.931525 153.286218
136.917613 151.000033
146.583842 150.195789
156.218844 150.762630
164.929986 153.377160
204.438109 152.278868
213.080723 150.528553
221.495730 150.196823
229.517483 151.283611
236.225255 155.577996
185.674346 164.635223
185.376823 174.560727
185.618770 184.659671
185.993547 193.134239
170.025352 204.583290
179.355857 206.103869
188.425056 207.338261
194.092452 205.116425
200.408235 201.487656
140.801705 168.216207
148.975749 162.266940
158.265417 163.425442
165.439516 168.417444
158.130755 169.766033
149.291952 169.748901
202.457404 168.401507
209.144805 162.835005
219.326279 163.201001
226.127049 168.389637
219.481994 169.787970
211.185718 169.513757
159.174288 220.525081
166.859014 212.859204
177.479179 211.174625
187.760162 210.519212
197.932561 210.423263
207.485007 212.023781
214.820421 216.424142
208.653683 230.304982
199.805676 239.788133
188.197870 243.019077
174.839885 241.440756
163.761719 233.184866
173.357361 216.195268
188.092955 216.267879
201.573542 216.839757
202.353951 231.623090
187.860760 235.309795
171.247040 232.223540
