71 283 59 328
61
164.502439 108.966680
202.677867 109.770330
231.131878 146.738977
232.744376 167.554020
234.065273 207.522711
232.230610 227.958065
203.135139 278.404572
164.953466 278.061758
123.535126 228.217068
119.620285 207.801488
121.224260 167.832675
122.259402 146.999100
131.570809 150.331802
139.358348 147.570212
147.812200 148.126275
155.852615 149.576088
163.466780 152.991621
202.708739 150.963967
210.937622 148.349777
217.910641 145.653256
225.837617 144.126123
232.583652 146.847450
185.554084 166.165003
184.871947 178.271013
184.326056 190.467877
184.923087 200.777613
167.682517 208.805388
175.016011 212.420931
184.835340 213.317054
194.251657 211.064015
200.195905 206.586691
141.877564 167.665785
149.500817 161.741556
158.147993 162.260196
164.677850 168.056310
157.959824 170.933390
149.970240 170.787700
202.854158 167.848083
209.629984 161.912291
218.651046 161.784978
227.111731 167.278632
219.604180 170.211616
211.309972 170.616733
155.902571 228.222653
163.531317 222.994457
173.537165 221.267437
183.075768 221.353859
193.206772 221.269437
202.589112 222.606979
211.357200 227.994645
203.158096 236.047046
193.522494 242.705701
182.795272 244.525624
171.352047 243.188683
161.702214 237.956283
170.367250 225.975056
183.470137 226.754740
196.298379 226.658219
195.854135 237.229624
182.927541 238.215780
169.194825 236.764830
