72 287 49 332
61
164.845564 99.428469
203.136734 101.242233
235.546711 149.567620
237.157180 168.423828
234.587362 209.906210
236.038330 227.712538
203.594006 282.154909
165.296591 279.106619
128.478647 227.971541
123.767590 210.184987
122.308968 168.702483
124.840053 149.827743
130.871591 154.372412
138.301994 151.295971
147.168818 149.272052
155.954825 149.477375
164.829229 151.361983
200.952122 151.624715
209.316531 150.501051
217.615291 150.164644
225.400565 151.260948
233.066739 154.327829
186.501191 170.485591
185.386290 180.295112
184.411219 189.619727
183.555839 197.939285
171.411444 209.835829
178.168884 210.175017
184.955084 210.703516
189.781315 209.523097
194.054950 210.323304
141.528302 168.191440
148.148464 161.369534
158.389775 161.956846
165.020975 168.561554
157.952582 170.806772
149.056971 170.907662
203.313025 168.696354
209.380199 162.177382
219.781111 162.773650
227.600622 168.878710
220.700084 171.029079
212.314085 170.794514
153.923902 229.083804
162.201587 222.046141
173.057395 220.927616
183.145369 221.971529
193.755396 221.194916
204.988625 222.303270
216.022650 226.642427
205.215736 233.640324
194.776105 239.370201
183.804954 241.220664
171.775147 240.187810
161.215883 235.807151
167.867702 226.622527
183.278094 226.710658
199.911183 226.973806
199.934984 234.564489
183.743898 235.597320
167.440456 234.661129
