71 295 44 328
61
165.006912 93.948489
202.749709 93.669456
241.165467 147.499006
245.135248 167.384472
244.001336 206.680968
242.849039 225.468631
203.206981 277.957818
165.457939 274.519897
125.979044 225.727634
121.149287 206.959745
121.237044 167.663127
125.062016 147.759129
129.148506 152.945705
137.293396 149.489507
145.318259 147.594319
153.782935 147.755751
162.334251 149.274530
209.491582 148.911954
216.226310 147.620532
223.265944 147.705322
230.153018 149.673269
236.502897 154.475204
185.809632 167.392241
186.291477 177.981688
186.830046 189.350668
187.426307 199.735480
168.590021 208.282641
176.360283 212.253513
187.818094 211.911937
196.364872 211.223101
201.942228 205.426010
141.386903 167.656373
149.938321 161.107047
158.828955 162.014281
165.182323 168.053159
158.074158 170.167212
149.721556 170.142440
202.926000 167.514951
210.116016 161.776553
218.484457 161.604021
225.235366 166.946380
219.210185 169.949155
211.237174 169.633367
158.798185 227.229920
166.266004 222.076318
176.332563 219.780052
185.639747 219.938520
194.980705 219.164741
203.774340 220.623104
209.976570 224.008539
203.683558 231.912304
195.158859 237.241206
186.458881 238.509991
176.134209 237.612685
165.459372 234.588522
173.393618 225.183846
185.514630 224.585916
197.285722 224.466068
197.802814 231.373870
186.424994 232.085043
173.690929 231.476486
