64 272 58 324
61
165.905420 107.524218
202.977183 107.493790
222.467605 146.948269
222.026300 167.426359
220.116751 209.493228
219.035577 228.026442
203.434455 273.870182
166.356447 278.138048
125.146920 228.285445
116.176326 209.772005
114.458983 167.705014
116.681549 147.208392
127.632423 152.964388
136.522254 148.581447
146.787700 147.023330
156.927063 148.253718
167.281185 150.164772
207.080364 149.561887
213.579995 148.474927
219.307473 147.174824
225.913674 146.544236
230.713294 150.152422
192.201640 167.456249
193.645084 178.692470
195.524648 189.279187
197.929844 200.086670
174.149052 211.490054
185.862002 212.969054
194.818908 214.022602
200.803401 211.515782
206.827477 207.843028
140.602539 166.700385
150.151167 160.716691
159.853692 161.923257
166.080831 168.547838
158.444927 171.045489
149.629639 170.267689
203.153474 169.093424
209.716771 161.789428
219.746262 161.055738
226.820428 165.996517
221.082844 170.681063
212.515445 171.083137
153.328336 230.430360
165.433885 225.446416
179.034905 222.937792
191.517845 222.700612
199.872159 221.705516
207.432815 222.594908
212.612529 225.923752
207.177047 235.586118
199.679821 244.434728
190.569657 247.354877
176.164598 246.078231
162.580368 239.833292
174.118089 229.455850
191.463639 228.810934
200.853851 228.420254
201.161572 234.865254
190.310967 237.313460
172.991384 236.228515
