62 278 56 328
61
165.824691 106.067677
202.196539 106.584841
226.173151 151.024593
228.364071 167.285802
228.402500 211.971822
226.468970 228.184557
202.653811 278.475755
166.275718 277.738045
117.555223 228.443560
111.622861 212.250599
111.632266 167.564457
114.943265 151.284716
130.533251 155.824855
138.090630 152.925562
146.253450 150.996465
155.550442 150.812191
164.336861 151.878904
197.797370 153.920637
205.213042 152.040477
212.800575 151.354298
220.180001 150.844750
227.913168 153.036867
187.677030 166.962832
189.182259 178.891003
190.821153 191.459238
192.830896 202.754462
174.112071 213.980522
183.097084 215.320446
191.074552 214.173091
194.203646 213.513189
197.623630 210.309787
139.136202 167.756091
148.265800 162.549749
158.518236 162.456927
166.000102 166.595651
158.440015 169.460415
149.820165 169.544827
202.372830 168.054645
209.280874 163.207470
219.052132 163.082790
225.745012 167.369782
219.463621 170.534204
211.708970 170.210902
153.691434 228.663534
164.429068 223.611288
177.659875 221.466411
189.280603 221.741887
197.949865 221.326082
205.457232 223.074424
212.298149 228.006694
205.457054 233.202382
197.888163 238.636681
190.141740 240.835874
176.521170 239.782205
163.861020 236.009799
171.167609 226.493390
188.909372 227.145082
201.554867 226.497506
201.448985 234.104862
189.218467 235.659495
170.169002 234.104991
