65 278 50 329
61
164.046914 99.867853
204.385803 102.540799
227.585535 150.725551
227.794862 167.394471
226.335914 209.723630
226.261840 226.110930
204.843075 278.876674
164.497941 274.096849
122.634727 226.369933
117.155781 210.002407
114.875010 167.673126
116.488860 150.985674
127.390651 154.273928
135.988035 151.617290
145.431121 151.029039
155.130879 151.473068
164.360325 153.052851
208.113112 154.230273
214.002769 151.355922
219.472071 150.723544
225.931892 150.910359
233.163473 153.586966
190.111349 167.905716
192.036896 176.962270
193.848174 186.567451
195.556413 195.894107
178.881152 210.897670
186.989128 209.262458
194.511408 209.440678
195.995412 209.462407
197.805712 208.896202
142.792902 167.630396
149.757774 162.642395
157.819992 162.868897
164.222325 167.835801
157.556814 168.543394
149.229771 168.651068
204.562094 167.048778
210.322376 162.563786
218.318376 162.950470
223.489004 167.695625
218.775483 168.990603
211.516472 168.442475
158.010896 226.834941
167.276563 222.738086
178.870338 220.983656
190.923921 221.374747
198.555482 221.201049
206.065993 222.624522
211.826919 225.688031
204.650029 232.429031
198.150853 239.053809
188.889123 240.858349
176.788893 239.465724
165.357417 234.134201
173.981123 225.082558
190.628057 225.699077
201.904909 224.931171
202.199636 233.023993
189.797148 234.307225
172.014576 232.781449
