74 279 57 323
61
166.152057 106.908964
201.843187 107.830513
225.797708 148.095196
229.406619 166.427015
230.408904 206.140248
229.912952 224.060370
202.300459 272.873129
166.603084 272.677161
128.760435 224.319373
124.281810 206.419025
124.454844 166.705670
128.657972 148.355319
132.653233 153.854803
141.285188 150.843288
149.776249 149.568063
160.226890 150.016981
169.398161 153.537365
196.557228 150.148171
205.530768 148.063527
214.091480 146.923848
222.322032 146.965190
230.848117 150.342072
185.648105 162.708281
185.873894 174.605388
186.346510 186.357086
187.933421 198.331339
170.379396 206.808110
178.846842 210.412345
187.089746 211.051472
193.335607 209.214412
198.710051 205.818965
140.398291 166.203655
149.406901 162.461430
158.474549 162.870802
166.327468 167.171785
158.080227 170.571583
149.629585 169.948660
202.019478 167.148589
209.551497 162.418251
218.687812 162.563323
225.919715 165.816874
219.229685 169.703160
210.705071 169.832348
154.967543 225.289140
164.497561 219.469509
176.870319 217.794928
187.607475 217.827006
197.229232 217.598884
206.202005 218.752891
213.784958 223.132822
204.909896 228.681517
196.302298 234.048785
186.579248 236.108632
174.428617 235.335328
162.987639 231.733421
170.833108 222.199416
187.341584 221.621582
200.916707 222.694261
201.317500 228.538605
186.757400 229.763563
169.101737 228.378797
