66 279 45 322
61
164.276305 94.929843
204.050044 96.026353
229.793331 149.283214
228.972011 166.538260
228.559113 207.218351
228.029911 224.848309
204.507316 271.960084
164.727332 274.591362
123.127779 225.107312
117.786472 207.497128
115.513988 166.816915
118.112151 149.543337
128.895912 155.443369
139.314414 150.871605
151.003557 149.799799
162.878446 151.207779
173.970316 155.347212
204.226630 154.675121
211.159760 150.879955
218.818767 149.068109
227.100817 148.749760
234.778782 151.511242
190.236821 165.347935
190.649053 176.697181
191.332919 187.872364
192.507813 198.514151
174.950274 207.181233
183.077259 209.465110
192.578500 211.566984
197.549374 209.499521
204.270735 207.602134
141.348165 166.570248
149.700629 164.135316
157.035039 164.377208
164.451716 166.482600
157.923154 167.729778
150.738648 168.202830
204.226335 166.188895
210.201900 164.792882
218.066811 165.456525
223.500061 167.544036
218.267439 169.705264
211.600069 168.742033
157.607926 225.219817
168.254571 221.099128
180.005822 219.488594
191.276646 220.202755
198.875215 220.029018
206.025948 221.292414
213.870740 224.777992
204.907210 229.603393
196.711915 233.766373
189.632531 234.713665
178.398849 234.505393
166.135968 231.628521
174.607765 224.636824
190.452777 225.034086
201.815820 224.087275
200.753546 225.433850
190.013518 226.142210
173.877409 226.437390
