57 270 55 336
61
165.006442 104.764833
202.505751 106.501037
220.143382 150.712463
220.484941 167.584356
221.141359 215.336705
221.375499 230.230240
202.963023 285.776360
165.457469 281.579587
117.180093 230.489243
109.833452 215.615482
107.445573 167.863011
109.058126 150.972586
123.338805 156.134066
133.675503 152.509084
144.834242 150.947914
156.215710 151.892270
166.596976 154.845543
204.151458 155.920452
210.517817 153.238394
217.277998 150.778562
225.280524 149.043844
231.495968 152.383850
191.328874 170.959308
193.776518 181.538629
195.979353 192.661519
198.399714 202.508068
178.071641 216.867200
186.206694 217.875418
195.886246 217.911919
200.259948 216.470702
202.874315 214.152851
138.797718 168.019633
148.977119 162.522271
157.752869 162.731711
165.181853 167.540970
158.340218 171.029859
149.403832 171.089660
202.682042 168.422219
209.857624 162.858677
218.455827 162.395009
225.026056 166.987592
219.269074 169.965792
211.675323 170.449362
157.822815 232.565974
168.301674 225.763883
181.542528 224.220072
193.802596 224.207483
202.248571 223.102344
210.324241 224.369000
218.254760 228.195649
211.612529 237.228003
203.350079 245.347225
193.283855 248.395610
179.324310 247.478347
166.032157 241.854418
175.471570 229.561101
192.862481 229.736763
205.197547 229.277065
205.625121 236.890849
192.870877 239.539228
173.928245 238.264015
