65 273 45 330
61
165.606256 95.321871
202.902374 98.819506
223.255978 149.480068
223.479733 167.560609
223.835553 209.104405
223.022245 226.012225
203.359646 280.068163
166.057283 284.684852
123.572668 226.271228
114.982656 209.383182
114.798998 167.839264
117.753338 149.740191
126.665211 155.654825
134.938839 151.817741
145.138788 150.539111
155.509817 150.755298
165.726218 152.469407
209.671557 149.978827
215.503627 149.006136
220.554853 148.722520
225.885149 149.403441
231.589000 152.530278
189.957659 166.812492
191.263766 177.967099
192.660064 189.504742
194.485541 200.172199
173.933782 209.714159
183.241444 212.007995
192.962093 212.981686
197.337987 212.004602
201.588778 208.841221
139.893357 167.297353
149.225006 161.987522
158.494471 162.427914
165.781667 167.916062
158.339173 170.550445
149.842352 170.770761
203.078665 168.483837
209.800300 162.640419
218.906861 161.758292
225.934558 167.177975
219.417697 171.126956
211.563286 171.116604
157.624614 226.595717
167.710169 221.220686
179.581890 220.050042
190.913781 220.899833
198.270137 219.365145
205.766104 221.153202
210.805150 225.729953
205.690804 235.339855
198.442367 243.475869
189.337285 245.367348
176.488780 243.744441
164.269624 236.659707
175.590609 225.717017
191.506707 227.054181
200.841769 225.644818
200.588982 235.429296
190.101138 235.792489
173.234736 234.613274
