59 280 49 335
61
165.345677 99.243996
203.194961 100.806443
228.456238 150.148765
230.184928 167.658980
229.586625 208.860639
230.898366 227.846684
203.652233 285.296236
165.796704 286.153337
112.909200 228.105687
107.387458 209.139416
108.681822 167.937635
114.572537 150.408888
132.111785 156.351699
141.699829 152.371967
152.119666 150.184315
163.625648 150.294502
174.201258 151.678184
202.208358 151.655955
209.963340 150.496511
217.225213 150.414788
224.837112 151.293930
231.796127 154.577550
190.298734 164.696389
192.056265 176.916237
193.851748 189.107250
196.391696 201.156398
172.809415 209.504188
182.975050 211.489160
193.759889 213.717003
199.363572 211.231999
204.170274 208.563676
140.006730 168.136341
148.749847 161.653198
158.630769 161.917855
165.521088 167.162721
158.340235 169.517177
149.390680 169.711316
203.371252 168.586524
209.933932 162.436001
219.325959 162.186402
225.585204 167.383270
219.764838 169.001464
212.277707 169.092945
157.795353 229.134660
168.616642 223.555141
180.765524 222.360163
191.740962 222.740419
200.132726 222.417205
207.396264 223.511542
212.889345 226.859893
206.248924 232.956875
198.487900 238.076465
189.970088 239.255418
178.270262 238.294361
166.207162 235.124024
176.211839 227.395372
190.803204 227.902557
200.522104 227.192157
199.187637 231.579231
189.418595 231.899278
175.496779 231.564906
