62 279 54 327
61
165.304275 104.378100
201.945614 106.530277
226.562869 147.556881
228.833809 166.853533
230.466480 205.736624
230.860076 221.308480
202.402886 276.564583
165.755302 279.804891
116.013830 221.567483
111.299472 206.015401
112.084708 167.132188
115.486365 147.817004
125.239169 155.978519
132.568037 150.617748
142.251959 148.433787
153.074551 148.161348
162.876966 150.000219
205.307706 149.796525
211.798557 147.516803
217.467848 146.981476
223.627681 146.602509
229.957720 148.684997
188.138160 164.916677
189.854641 177.191319
191.627402 189.317246
194.237078 200.425470
175.650318 206.451288
183.907785 210.183416
191.789197 211.730430
195.728148 210.677456
200.068475 205.368515
138.927484 167.734282
148.526242 162.331199
158.116967 162.117177
165.479686 167.191921
157.930196 170.310422
148.628667 170.358244
202.121905 165.825652
209.640690 160.930298
219.288115 161.235454
227.146151 167.294949
220.045078 169.908493
211.747287 169.435465
152.459558 221.229024
163.237978 215.731765
176.489475 215.011345
188.403760 216.138702
197.965778 215.260012
206.839920 215.973428
212.534732 221.689088
206.655317 233.142494
197.113125 241.819742
186.074543 244.175857
172.424967 242.041516
160.175915 234.207002
169.621327 219.201009
187.947024 220.084087
201.428447 219.812314
201.375490 234.324468
186.735647 237.027431
166.862934 233.692031
