63 279 51 328
61
165.087812 101.293793
202.835936 103.247489
224.457447 149.915516
228.645935 167.084475
231.158707 210.102535
231.671774 228.536664
203.293208 278.351048
165.538839 276.050455
120.056538 228.795667
114.518422 210.381312
112.987777 167.363130
115.490828 150.175639
128.494292 155.872544
138.078216 152.046015
148.365896 149.823587
159.511113 149.505473
169.170397 150.999840
204.987617 151.200963
211.338509 150.238515
218.142694 150.309077
225.282324 150.136062
231.119386 152.040486
190.746109 165.095676
192.268724 176.055288
193.777323 187.169382
195.468895 197.929576
177.161390 210.585512
184.275022 211.589796
193.334993 213.186459
198.872141 211.734224
202.786368 209.966152
140.620533 167.740896
149.230675 164.204923
157.640692 163.976792
165.263223 166.203430
158.064904 169.002014
149.715193 169.582776
203.012227 166.994607
209.999259 163.983094
218.177665 164.113045
224.363025 168.031740
218.943174 169.743436
211.471097 169.012998
157.884186 228.754579
168.753464 222.706607
181.076932 221.903827
192.350955 222.399396
200.608771 222.042330
208.672381 222.828936
215.622612 228.619863
209.501348 233.664776
201.466023 238.816640
193.212250 240.118992
180.740472 238.414219
168.280035 234.578524
175.643618 225.926981
192.031545 226.320089
204.174739 226.319216
204.899989 232.740873
193.175498 233.032246
175.432332 232.433355
