56 285 50 338
61
164.621375 100.070912
203.203882 101.596843
233.278476 147.692823
234.521382 166.193651
234.355716 207.600591
236.144198 228.617023
203.661154 288.468872
165.072402 289.992562
112.692912 228.876026
107.376595 207.879368
106.049064 166.472306
109.710446 147.952946
122.447016 154.086545
133.313913 150.240465
145.231709 148.451490
156.862150 147.833820
167.232867 149.605303
204.085206 149.752039
211.923729 147.447299
219.821711 147.235656
227.768203 147.388730
234.905336 149.577530
188.951790 167.266050
188.903399 177.954323
189.460110 188.795833
190.179680 199.044752
174.943992 208.837550
182.586791 210.364275
188.710178 211.384526
192.778452 209.512432
195.890432 206.710290
140.893045 166.740571
148.817311 162.025664
157.951742 161.696874
164.796786 166.212170
158.017350 169.163553
149.336875 168.827942
203.380173 166.541369
210.379137 162.018640
219.429254 162.596263
224.564671 165.913149
219.934059 168.567814
212.604187 168.271400
154.990744 230.247417
164.703324 224.331530
177.188768 222.222153
188.957284 222.577174
198.609441 222.300621
207.686306 223.072730
214.918762 227.287762
207.186153 235.809960
198.587848 242.763546
188.065335 246.264442
174.329964 245.113310
161.965753 239.416844
171.579011 227.828734
188.661042 228.252692
201.982224 227.626329
202.375490 236.264974
187.813169 238.875493
169.646421 236.856297
