60 277 44 331
61
165.884214 93.687630
203.979040 94.056165
227.562030 150.156046
227.382175 167.438020
226.743401 207.935960
226.846822 228.162946
204.436312 280.661374
166.335241 288.092553
115.248686 228.421949
111.322238 208.214737
109.675272 167.716675
114.175179 150.416169
130.541252 157.143830
140.312101 152.666862
150.944128 151.021071
162.336404 152.157542
172.338068 154.704910
205.714291 152.205033
211.482073 150.263208
217.022402 149.592523
222.896306 148.883279
228.595039 149.682010
191.084301 163.754795
193.791025 174.207003
196.366144 185.561683
199.450706 195.216076
176.488333 208.669612
185.601754 208.656058
194.706138 210.980552
199.710865 208.388087
203.566085 207.548881
139.973374 167.597569
148.604391 160.993848
158.104405 161.631899
166.059625 167.160265
158.474823 170.026756
149.493085 170.189028
204.155331 167.584113
210.183516 161.892834
219.930501 161.565911
225.586192 168.042946
219.789855 169.927468
212.118890 169.611890
156.625340 228.820033
167.214970 220.835854
181.232727 219.028782
193.749262 219.075154
202.173314 218.907628
209.456332 220.961342
213.815918 227.807004
207.472020 233.047452
199.654775 238.157415
190.975953 239.647944
178.048545 238.800807
164.884062 235.040976
175.588360 224.197394
192.908813 223.556773
203.488583 224.363141
201.188143 231.217434
190.909862 231.927064
173.973878 232.663106
