60 284 36 326
61
165.893765 86.002396
202.174018 87.803675
232.366313 149.924537
234.128715 166.588654
233.646124 209.687211
234.466733 226.975293
202.631290 275.984698
166.344792 275.235323
120.342873 227.234296
111.129168 209.965988
109.763644 166.867309
111.718938 150.184660
125.328625 158.130610
134.559689 152.980397
144.943276 150.838899
155.832556 150.045051
166.959842 151.344976
207.133740 151.384695
215.283432 149.685292
221.978603 149.311724
229.051576 150.248239
235.651582 152.912190
190.515426 162.529901
191.704369 175.169422
193.540562 187.095326
195.039525 199.706228
170.652771 210.640274
179.520571 212.857383
193.479227 215.040421
201.052914 213.086197
205.470726 209.080767
141.950342 166.814182
150.360076 163.675997
158.600871 164.165924
166.069176 166.950279
158.117541 170.573266
150.372290 170.837379
202.350309 166.311251
209.964242 163.667402
218.411905 164.730914
225.306151 166.911786
218.604490 170.662787
210.794066 170.080574
158.215810 227.854191
168.936716 222.534102
178.921501 221.000352
189.031976 221.485160
196.811231 220.931372
204.229324 222.387456
211.400232 226.397459
204.985157 230.434581
196.985907 234.828280
189.020189 236.482228
177.701672 235.485682
166.316355 232.986798
175.667314 226.543433
188.378645 226.325764
198.331958 225.927654
198.850502 226.903377
189.164322 226.437448
175.366641 227.965473
