60 280 61 326
61
164.724787 110.885422
200.605184 110.244778
225.001558 145.720166
230.257844 166.437083
231.805752 213.996708
227.840588 227.381336
201.062456 276.155479
165.175814 274.998275
119.510000 227.640339
110.348180 214.275485
109.653951 166.715738
115.646565 145.980289
126.293887 150.890944
136.037953 147.397843
146.200600 146.189703
156.424686 147.974659
166.685646 150.588074
199.945908 150.979433
206.771754 148.268919
213.275863 145.552221
221.441077 143.331412
229.131513 143.515135
186.515509 167.950012
187.192207 180.035910
188.181952 192.092667
189.597075 203.480807
174.078508 215.676208
181.371606 214.466819
189.389997 212.886316
193.534487 213.679707
197.280607 212.663811
139.571635 165.603151
148.231454 161.073217
158.161252 162.495113
164.900198 167.227688
157.821658 169.194592
149.003212 168.435831
200.781475 167.298014
207.668158 162.176087
217.802810 161.207400
224.641428 166.252511
219.001681 169.027507
210.581664 169.187530
154.563470 227.979043
166.566568 223.951264
178.854482 222.342899
190.478505 222.123938
199.112604 221.712873
207.244923 222.409067
214.508386 227.084784
208.047731 233.155001
199.987133 239.318896
190.697472 241.432835
176.809281 239.967631
164.783798 235.206957
173.441358 227.742492
190.583292 228.163800
202.903499 227.726556
202.751961 232.405787
190.192628 233.151264
172.408267 231.743295
