65 283 49 329
61
165.277540 98.749975
202.150600 99.937929
229.972800 150.366164
233.499769 168.469196
234.790624 208.260663
233.767440 227.228073
202.607872 279.499430
165.728567 277.377883
122.786368 227.487076
117.352995 208.539440
115.086987 168.747851
116.935488 150.626287
123.001846 158.790246
132.248301 152.395977
143.671675 150.001527
155.872425 150.762932
166.633296 154.076991
205.513677 152.679389
212.750177 150.760640
219.069940 151.032257
225.744756 152.146904
231.504342 155.513552
190.798213 165.020929
192.253231 175.584918
193.427462 185.746557
195.578684 195.690110
177.030144 209.225466
185.130652 209.033010
193.986434 209.367606
199.136402 208.941331
201.865381 207.642458
141.472059 168.662084
148.875431 162.195795
158.428796 163.100241
165.452951 168.892722
158.396372 169.907364
149.533089 169.804244
202.326891 168.177450
209.258339 162.273089
218.436473 162.622179
225.801542 168.777374
218.939516 170.140293
211.330718 169.741344
158.854566 228.299891
169.370439 223.629712
181.063931 221.075754
192.161659 221.488115
199.558569 220.501715
206.584267 221.767929
213.268411 226.457444
207.881329 234.846359
201.027858 242.725448
191.804148 244.909314
178.821311 243.124414
166.557952 237.349090
175.814318 226.066615
191.974189 226.555389
201.635978 225.539258
202.850173 233.787608
192.351379 235.337313
174.799505 234.482501
