62 284 38 328
61
163.839099 87.667483
204.565757 90.131944
233.259728 147.163985
233.974828 167.034538
231.973874 205.186201
233.135726 226.259661
205.023029 278.372142
164.290126 277.558237
117.841552 226.518664
111.963102 205.464978
111.787230 167.313193
113.559968 147.424108
127.986508 154.369617
137.485497 149.865089
148.098636 147.380825
160.124416 148.447135
171.038359 151.779549
206.468538 151.617083
213.697778 148.365949
220.818656 147.248638
228.626741 147.562827
234.710565 151.366189
190.963731 161.192838
192.001249 173.134724
193.372754 185.104894
194.723596 196.972484
174.770798 205.382713
182.265160 208.916358
193.694424 211.668709
199.046417 209.460310
204.158710 205.336391
141.976729 167.310958
149.334778 164.337923
156.656248 164.920797
164.014510 166.666837
156.878998 169.344249
149.713957 169.327331
204.742048 166.820715
210.909956 163.949558
217.942601 164.994742
223.807972 167.972348
218.203261 170.141546
211.919928 169.099840
153.869268 227.557325
164.368233 221.400594
176.911796 219.357371
189.263753 220.191758
198.268847 219.493581
206.453128 220.439119
212.127947 225.263270
205.419191 234.006318
197.121749 240.850652
187.038065 243.040367
172.954204 240.800030
161.854231 235.763903
170.985316 224.418686
188.764994 225.146022
201.251754 224.687680
200.544794 234.503965
187.890453 235.354552
169.654749 234.165525
