60 273 40 323
61
164.819119 89.866913
203.167821 90.985405
221.805128 150.118685
223.064105 167.221470
226.836200 209.098477
222.610600 226.910692
203.625093 272.662702
165.270146 278.800616
118.487723 227.169695
111.106626 209.377254
109.700820 167.500125
112.918265 150.378808
125.745871 156.108823
135.398628 153.087560
145.747762 150.821761
156.990864 150.292201
166.918792 151.390500
206.677013 151.386217
212.151628 149.737767
217.917247 149.717190
224.050048 150.439131
230.423101 153.676522
190.436029 166.296305
192.499678 177.995536
194.329858 189.451919
196.830926 199.768701
174.612891 209.739722
184.179517 212.478368
193.292198 212.488178
197.774599 211.854572
202.091395 208.803881
139.321669 167.580045
148.774883 162.692831
158.176625 162.578605
164.994530 167.446859
157.743302 170.756237
149.064125 171.045237
203.344112 167.059573
209.507079 161.518579
218.863178 161.801400
226.169831 167.432255
219.206141 170.971018
211.547372 170.826461
156.121610 228.245523
168.026974 222.726556
180.273935 221.094412
190.414645 221.414588
196.177604 220.337695
202.559784 220.990497
208.041161 225.877057
201.658580 232.080247
194.854339 235.065481
188.581742 236.101822
177.445656 236.642574
165.697834 234.635819
174.357594 225.811522
189.507607 226.577271
198.018928 224.881477
196.858175 229.515393
188.778290 229.003180
172.945181 230.413785
