92 311 43 334
61
166.656668 93.309325
201.611171 91.579503
257.356265 144.665828
260.883867 167.423585
256.776942 210.608676
249.957577 233.423778
202.068443 283.765091
167.107695 285.224921
147.750717 233.682781
142.854892 210.887453
141.909389 167.702240
144.596927 144.925951
135.279358 147.392439
139.579062 143.925045
145.789260 144.307344
152.227976 146.195332
157.978257 149.421857
202.346697 147.602450
213.495463 145.958205
224.594895 145.325830
234.968591 147.976111
243.338762 154.825349
177.891705 164.993044
174.039979 175.765820
169.947178 187.125080
166.520387 197.693066
159.142633 210.308912
165.706735 212.277707
172.376724 212.526410
177.282038 212.129415
187.231254 211.255107
140.365812 165.823939
149.536127 159.168464
158.779631 160.945657
166.832079 167.906722
158.276445 172.166040
149.922194 172.107075
201.787462 167.806251
208.586010 159.578308
219.663170 160.382454
229.772075 168.790164
220.506717 172.313566
210.797761 171.950654
159.042694 234.184774
161.278987 226.816076
167.003890 224.636088
173.449089 225.423177
185.726648 225.561887
197.311372 227.341039
209.849058 232.963828
199.135023 240.877885
188.928515 248.216551
177.240503 251.128758
168.446138 249.605903
161.651624 243.687925
165.788718 231.169848
174.995609 232.026388
189.675945 232.257015
190.568706 240.485777
175.690398 240.997846
165.742524 239.667235
