92 313 42 341
61
164.860134 92.333795
201.907341 90.316005
254.869889 145.592450
262.615045 167.751174
260.128860 212.427059
254.507385 234.335296
202.364613 290.730193
165.311161 281.803930
145.858270 234.594299
141.754275 212.705836
142.365162 168.029829
145.576615 145.852573
136.114607 142.827407
141.375607 143.398060
145.966407 146.417699
150.178190 148.547695
153.574661 150.534588
202.520148 147.514474
212.125062 145.613096
221.751690 145.068718
231.833827 146.115618
239.912770 150.504838
175.475436 167.616928
171.441846 179.875042
167.225467 191.470311
163.474770 201.917934
162.048790 212.722687
167.237141 214.906019
170.660683 213.836630
177.958063 214.317345
189.100879 212.478042
140.721686 166.226934
149.240573 160.555562
158.101307 162.177930
165.035545 168.644541
157.312741 172.438765
149.680435 171.871267
202.083632 168.920973
207.953620 160.861183
218.834205 161.480034
229.136167 167.845173
219.456751 172.060086
210.585779 171.780579
158.002405 234.966962
160.858839 228.952822
168.099999 225.273682
175.141071 226.704761
188.203225 226.066232
200.917976 229.062361
214.143484 234.004809
202.691415 245.277365
191.133561 255.138802
177.684975 258.210578
167.267954 256.005120
160.244290 247.471256
165.478450 232.853762
175.730348 232.606539
194.006845 232.689878
193.889027 243.594194
175.967488 246.081800
164.638640 243.524374
