82 308 42 344
61
166.593725 91.893525
201.935846 92.873141
255.675040 144.907287
257.617801 167.082131
254.594000 214.227379
251.041393 237.755902
202.393118 293.892820
167.044752 292.994259
138.169262 238.014905
133.257586 214.506156
132.396931 167.360786
132.953251 145.167410
132.037719 147.492597
138.996500 144.961226
146.506609 145.017983
154.202009 146.853766
161.184969 149.216583
198.786750 149.224518
209.582058 146.033092
220.198437 145.098083
231.084016 145.271652
240.760407 148.501517
178.545644 163.110303
175.482183 175.178332
172.315112 188.377913
169.469934 201.218595
163.653918 214.689123
170.010346 215.137124
176.686116 215.896247
184.536230 214.889493
192.805546 214.112303
140.568469 165.657422
149.192967 161.173922
158.917199 162.737584
166.769136 167.843212
158.163454 170.086644
148.566970 169.824181
202.112137 167.175397
209.641454 161.530289
221.004144 162.497300
230.509515 168.285314
221.298802 170.270156
211.205428 170.070173
155.258607 240.041062
160.253876 232.209691
169.092641 228.236813
178.067267 228.179459
191.031752 227.474287
204.091156 229.444038
216.072451 235.771964
205.047518 246.110219
193.234399 252.695491
180.548662 255.998199
169.466272 254.923381
160.764495 249.669728
166.422795 235.842415
178.259378 234.493106
196.420670 234.685041
196.788343 244.397175
179.482391 246.092578
166.064956 245.227645
