90 310 42 333
61
164.403005 92.388880
202.432686 90.422844
256.770324 146.853898
260.273667 166.944272
255.187386 212.753736
250.230099 229.124138
202.889958 282.808854
164.854032 283.030687
141.989699 229.383141
139.284436 213.032513
140.112221 167.222927
143.252902 147.114021
134.172125 146.568324
140.070818 145.114774
146.795699 146.909498
152.730988 148.433086
158.635689 150.498214
201.113888 148.615374
210.703223 147.523414
219.995417 147.099821
229.411746 148.240312
237.629147 153.049727
176.906548 169.107245
173.158886 179.576348
169.754397 190.372197
166.840864 200.444702
164.020631 213.786209
167.078588 214.192419
173.017340 213.079996
182.367812 212.820386
190.381904 212.067808
143.447577 165.690203
149.849840 161.787923
158.551187 162.727529
164.578416 167.172560
158.364445 169.887138
150.379260 169.867654
202.608977 167.780165
208.360053 162.183541
217.742430 162.861276
225.702727 167.767020
218.853979 170.532237
210.344193 169.947078
160.194400 230.157587
163.643803 224.607632
170.135678 223.010637
176.020783 224.111498
186.697322 223.440756
197.159298 224.008807
209.430192 228.391849
199.714412 236.621018
190.386459 245.105400
178.573966 247.950534
169.276600 246.134254
162.420761 239.302247
167.911379 228.721607
176.514333 228.169222
191.300995 227.600057
191.432754 235.946777
177.094287 237.368949
166.923383 236.140419
