94 312 45 344
61
165.888236 94.757355
201.787288 94.971825
256.529623 145.364594
262.070895 166.042526
258.903826 213.782121
253.208910 234.385312
202.244560 294.127559
166.339263 290.576267
148.078374 234.644315
143.399492 214.060898
143.965086 166.321181
143.567206 145.624717
137.267154 140.169494
142.432863 141.109523
148.152810 144.146785
152.774298 147.218062
157.367174 149.464007
202.080822 151.712437
211.856524 149.227190
222.339268 146.883961
232.467284 147.070669
242.055176 148.828278
177.210956 167.195085
173.175119 179.749368
168.979727 193.327513
165.779303 204.747169
160.271336 214.844473
165.425184 216.698242
170.921800 216.612370
178.285050 216.316874
186.639199 213.066511
139.873014 165.034898
148.900878 159.401587
158.171648 160.930289
166.063647 166.417900
158.029313 170.654263
148.847782 170.021276
201.963579 165.403787
209.732697 160.057494
220.717506 161.651741
230.217484 167.946386
220.807202 171.353087
210.700098 170.454356
157.290097 234.325659
161.399848 228.839607
167.926937 227.658704
174.187390 229.293387
187.218269 227.871890
199.894313 229.515982
214.669175 234.746160
201.989209 242.022922
189.567327 247.708138
177.383278 250.199553
168.575614 248.787172
160.599254 243.984089
165.341224 233.595398
175.517166 234.675230
194.056733 234.023763
194.652543 242.440463
175.741133 243.140288
164.272002 241.493026
