91 305 52 330
61
163.829841 102.060847
202.281906 98.927577
251.514433 146.084792
255.176484 166.664499
250.391179 211.709488
243.436974 233.919611
202.739178 280.020055
164.280868 280.709632
143.593637 234.178614
137.612263 211.988265
140.656925 166.943154
141.804554 146.344915
134.355546 145.660866
140.425543 145.306074
146.720836 147.171048
151.841694 149.036064
156.824919 151.961165
197.632125 150.787756
208.677818 147.065814
219.300571 145.299999
230.229681 145.283489
239.549051 151.082245
176.144921 170.934590
171.996657 180.751588
168.148266 190.529312
164.883744 200.487443
159.482817 211.882098
164.075459 212.353430
169.918372 213.510859
179.537434 213.931012
190.237865 211.883512
143.946015 166.876523
149.508308 161.285814
158.110914 162.220819
164.005252 166.480697
157.816299 170.298820
150.234399 170.510618
202.458197 167.014816
208.985277 162.341323
219.079218 162.324712
227.947671 166.918768
219.758884 171.083247
210.611735 170.941775
152.976794 233.889263
157.408540 227.102820
165.263144 224.726975
172.731459 226.226500
185.660625 225.772495
197.287760 228.110533
208.304759 234.251125
197.414300 242.287408
185.156681 246.680460
172.823655 248.969911
163.802498 247.586686
155.472634 243.158320
163.209781 232.144634
173.772956 232.278739
189.846364 232.877009
188.676473 237.768890
172.553304 237.441171
161.556794 238.257495
