91 305 55 332
61
165.957103 105.063878
201.163222 100.824165
249.894463 145.352103
255.031254 167.646236
254.191612 211.777921
249.127244 234.476085
201.620494 281.864681
166.408130 278.907061
144.687376 234.735088
139.924272 212.056698
140.849741 167.924891
143.025992 145.612226
135.030564 144.928741
142.779381 143.949685
149.706856 145.704472
156.259966 147.328327
162.732842 148.891262
198.718636 148.337593
209.301604 146.306778
219.198332 145.301314
229.390173 145.742725
237.889151 150.077013
178.913141 163.320572
174.753346 175.686290
170.689415 187.472193
167.790357 199.315588
158.857999 212.515354
165.719930 215.179386
173.643577 214.508144
182.742927 214.044345
192.520527 211.387149
141.426472 166.568332
150.066867 161.792539
159.013145 163.200183
166.132514 168.012196
158.693317 171.356594
149.744085 170.775677
201.339513 168.349437
209.461145 162.481337
219.951697 163.196456
231.314703 168.287713
221.054500 171.675657
210.972010 171.121224
156.925929 235.252120
160.502701 227.787173
168.676010 224.692441
175.252316 226.563945
186.950378 225.266325
198.921750 227.711347
211.848003 234.001189
201.091780 240.506143
189.622734 247.085419
178.309830 249.588769
169.057132 247.691562
161.686227 241.964232
167.142209 232.866628
176.651941 234.102935
192.340980 233.907827
193.054327 236.697708
177.820353 237.607778
167.296263 235.403241
