92 314 46 344
61
166.637411 95.799766
201.102873 93.693895
257.934498 144.154602
264.454770 168.737896
257.402450 217.349107
248.392409 240.074610
201.560145 293.887038
167.088438 298.947970
146.887730 240.333613
142.267843 217.627884
142.186910 169.016551
142.481165 144.414725
132.206693 141.887885
139.016235 141.832067
146.305888 143.758376
153.595641 145.919060
159.688933 148.748652
200.698415 146.607496
211.886227 144.748468
223.336043 144.852375
234.392100 146.457856
243.780471 151.775673
176.704669 161.314721
172.347456 177.247466
168.296907 193.942170
164.810172 209.417902
160.034553 217.814408
164.352535 222.744008
171.785716 225.687288
179.384652 222.043036
190.214099 217.230440
141.074127 167.768165
149.417548 162.359799
158.793147 164.031392
166.812822 169.891748
157.659526 172.583377
148.855051 172.497097
201.279164 168.720506
209.725061 163.010953
220.326872 163.787887
230.259447 169.204092
220.627583 172.696302
211.132506 172.160503
153.171525 240.652345
157.059802 234.367742
164.823351 232.244523
172.645937 232.509473
185.253176 231.910835
197.134904 234.247764
210.886790 239.798107
199.049186 251.135216
186.915508 258.800725
174.849398 261.881262
164.452665 259.906966
156.060798 252.640466
162.187433 237.577746
174.313113 237.219563
192.080502 236.909608
191.577663 248.305770
174.857511 249.883444
162.275033 248.315713
