92 304 37 346
61
165.388349 86.812074
202.506852 86.014715
251.567113 142.911266
254.249168 166.384821
252.928582 212.059457
247.219410 233.826127
202.964124 296.300650
165.839376 293.400746
142.575068 234.085130
139.534144 212.338234
142.018669 166.663476
144.339759 143.171389
137.501488 141.187601
144.190097 141.435637
150.520854 143.073877
155.735489 144.870768
160.278947 146.285778
202.611631 144.579487
211.740153 143.315338
220.968677 143.050114
230.206801 144.493461
238.196620 148.557629
179.413693 163.094161
176.155179 175.732206
173.054518 188.246285
170.799158 200.094244
164.968577 212.459691
170.220218 214.503664
175.304066 214.829584
181.613551 213.909415
190.582947 212.005914
142.123436 166.284358
149.390597 160.336764
157.966082 161.330612
165.563760 166.293911
158.493613 170.751250
150.796846 170.380078
202.683143 165.893235
209.588885 160.862654
219.368046 161.286762
227.057849 167.700690
219.484663 171.361860
210.775557 170.455354
155.121702 234.454046
159.546066 225.422491
168.018969 222.386237
176.747279 223.115524
189.697935 222.518185
202.707393 225.041195
214.191015 233.499341
203.894085 243.665017
191.669188 251.153452
178.662807 253.882775
167.748478 251.873022
158.832251 245.397531
166.017440 230.173487
176.848588 230.744160
193.217242 230.192796
194.361745 240.761179
178.021476 241.899607
165.627693 240.520794
