95 311 49 339
61
165.401521 98.519912
202.872032 97.149345
256.013553 145.653161
261.420215 166.946246
256.813661 212.699119
255.685245 231.744783
203.329304 288.771884
165.852548 285.155979
147.278614 232.003786
144.307097 212.977896
145.039216 167.224901
146.830192 145.913284
135.565153 148.692223
141.175746 145.716470
147.895368 145.620042
155.319687 147.750263
161.623474 149.722376
200.717231 149.205469
210.678730 146.506202
221.017477 145.987867
231.449525 148.044843
240.342990 152.411494
181.352904 165.117381
178.525808 175.634310
175.630198 186.785967
173.479869 197.925073
163.636073 213.343099
171.858891 214.796140
177.953372 214.055022
185.856054 214.797673
194.725734 212.401807
141.732209 166.661884
150.369842 160.897740
158.600371 162.154887
165.576932 166.671830
158.005541 170.863964
149.907834 170.698783
203.048323 166.285168
210.073892 161.404963
220.427727 162.528159
229.986474 168.798879
220.491367 171.695685
211.646663 171.223854
160.423017 231.699514
164.279978 224.935106
171.430049 222.989933
178.266639 224.532100
190.633331 224.147636
202.755833 226.535824
215.467468 232.091135
204.829735 240.562356
193.034371 247.063696
181.537825 249.411528
172.103358 247.431144
164.594094 241.173432
171.629611 229.644951
179.054658 230.594116
194.126700 231.000860
195.205093 241.301064
180.791106 241.819646
171.608337 239.868239
