90 309 52 344
61
166.239464 102.399020
201.764375 101.227894
257.441062 143.674815
258.702367 167.384339
250.751896 215.214565
243.813230 235.819730
202.221647 294.204666
166.690491 293.563046
143.248186 236.078733
138.032351 215.493342
139.514161 167.662994
140.492011 143.934938
136.239834 142.040401
143.563727 141.870349
150.170314 144.021209
157.292304 146.657859
163.190694 150.986505
199.074597 148.116472
209.651379 144.964529
220.396253 143.629887
230.896684 144.420627
240.421361 148.830334
178.380230 166.462950
174.624733 179.026522
170.851699 191.333801
167.505347 203.605156
163.282023 215.656382
168.461035 217.218323
172.797826 219.328690
180.242793 217.503035
188.290620 215.119472
144.236782 165.599116
150.252568 160.072705
159.936241 162.350332
166.414875 168.763002
158.603567 172.176226
149.577517 171.276311
201.940666 168.602320
208.137499 160.983214
220.521824 161.259041
228.630214 167.205600
221.368897 170.933345
210.713147 171.086901
154.352021 236.337743
159.181160 230.283321
167.457638 229.509854
175.008357 229.838278
187.514383 229.058518
200.320872 230.449330
212.231035 235.602894
201.912761 244.503286
189.951658 250.646799
177.152146 254.122183
166.074573 253.898037
157.348488 247.808760
166.299403 235.038763
175.709029 235.746479
191.837716 234.696766
192.974186 245.491801
176.377372 247.930975
164.831647 245.875721
