81 302 51 342
61
165.127506 100.841486
202.483287 98.769062
250.259344 145.114022
251.965869 167.359554
247.815838 211.408675
243.661044 237.632850
202.940559 292.419864
165.578533 284.762305
137.513346 237.891853
128.990928 211.687452
130.744114 167.638209
134.444878 145.374145
137.061340 147.768760
144.206598 146.060560
151.738987 145.911828
159.185331 145.718458
165.466550 146.844022
193.092644 145.454238
204.604725 143.988833
215.941042 144.617765
226.570610 147.795805
235.942046 153.006352
177.997951 164.130409
174.453617 176.227803
170.929441 188.218698
167.520495 199.328028
161.903814 211.008626
167.026709 212.947814
173.759259 215.619834
181.704693 213.633663
188.852315 212.155399
142.958286 166.780840
149.303039 161.327414
158.446059 162.369233
165.302917 167.504213
158.228414 170.608889
149.354064 170.175623
202.659578 167.475311
209.315197 161.644042
219.177555 162.611223
227.158251 168.310643
221.184476 171.429561
211.753703 170.528231
156.328705 237.735373
159.887881 228.262810
167.486366 223.974634
175.399675 224.781637
186.840247 225.103488
197.379540 229.500181
207.182383 237.831443
195.987968 243.530504
185.456278 247.634646
175.268059 247.536676
167.113192 246.964372
159.771071 243.052304
166.390635 232.319449
176.759521 232.205266
190.446145 233.579731
187.952630 238.606798
175.007820 236.168364
165.253587 236.585331
