88 312 42 354
61
164.473321 91.900896
201.923361 90.135864
255.568322 141.108179
261.717701 166.958237
265.924992 212.584789
264.202864 242.592338
202.380633 304.329388
164.924348 296.979052
143.124002 242.851341
138.992633 212.863566
137.626861 167.236892
137.139972 141.368302
134.497122 140.348689
140.591664 140.020834
146.547343 142.562001
152.572200 144.310762
158.214961 146.581136
194.345710 143.180618
206.824139 140.058866
220.304739 139.955903
233.317722 142.753238
244.626051 149.535393
175.558082 162.201532
171.460740 173.940320
167.007985 186.589964
163.589005 199.051701
162.971932 213.124560
166.904966 214.912564
172.118519 214.986388
181.316556 214.760238
191.276874 212.391717
143.010295 166.746054
148.346335 159.827235
157.835511 160.718953
164.648732 167.721391
158.084691 171.539816
149.593794 171.434721
202.099652 166.211320
210.290878 159.622091
221.861480 160.958050
232.108553 167.787083
221.826041 172.387762
212.101426 171.329177
158.321865 242.467415
161.227106 233.927603
168.457269 229.491000
175.753668 229.762409
189.842800 229.780044
202.772597 234.190656
215.142122 243.018415
203.341988 247.037444
191.012331 250.187568
178.778325 251.529742
169.872873 250.377267
162.929311 246.057555
167.822283 237.961797
176.890338 237.595034
193.854197 238.580840
194.004697 243.061797
177.597369 243.270356
168.090108 242.403727
