80 303 54 338
61
167.073366 103.778609
202.123724 101.738319
248.795967 146.821997
253.274326 166.963135
250.995287 208.315634
247.588995 228.132554
202.580996 287.586776
167.524393 282.163327
137.203496 228.391557
130.682269 208.594411
129.849011 167.241790
131.403943 147.082120
137.512214 143.460895
145.479343 144.402333
151.992801 146.701951
158.272262 148.007992
164.302995 150.013681
197.021180 148.923882
206.745942 147.347799
216.072982 147.243542
225.103176 146.884548
234.309461 148.529466
180.636182 167.069305
178.169043 177.503098
175.537281 188.593146
173.346870 198.028954
166.080384 207.795323
172.325769 211.085529
178.329718 212.496571
183.841649 211.887844
192.082259 209.182583
140.287534 165.494801
149.212033 158.954743
159.477517 160.894448
167.248777 168.043091
158.695605 172.117029
149.261379 171.039222
202.300015 167.640725
209.194125 160.650253
220.520497 160.926091
229.797011 167.306788
221.430860 171.952866
211.488669 171.515010
154.752425 229.349993
158.411077 218.530554
168.776055 214.470657
179.052768 215.532168
193.077942 215.202379
205.462763 218.372870
216.282969 227.216315
207.174837 240.745568
195.223446 251.752397
180.410347 255.711493
167.277726 252.773248
158.066105 243.308682
166.255228 222.604503
179.668182 223.607538
197.686510 223.412987
198.794574 240.752530
180.219068 243.667164
165.122124 240.809680
