94 304 42 336
61
164.923287 92.190542
203.011809 92.050345
251.117956 144.303672
254.179755 167.926858
254.463281 213.501755
247.337154 238.238029
203.469081 285.766176
165.374314 289.952332
144.289444 238.497032
138.299511 213.780532
144.365467 168.205513
143.286211 144.563795
137.695961 144.679132
142.976832 143.583028
148.885943 144.332518
155.218141 145.935798
160.591332 149.176939
193.673702 147.661555
205.888460 144.441075
218.731826 144.576378
230.202851 147.702289
239.568881 155.402523
176.188612 161.814900
171.748648 173.162392
167.370248 185.386347
163.884338 197.094988
160.998609 213.311323
163.925532 213.974518
170.715708 215.502823
178.906131 214.402342
186.083509 214.038917
143.163350 167.679546
149.840877 161.825421
157.529892 163.119330
165.098698 167.819221
157.705549 170.995052
150.089709 170.655966
203.188100 167.346273
209.806038 162.514262
219.283243 163.644646
228.998785 169.495332
219.578323 171.731453
211.397075 170.935365
153.258652 238.226297
156.701287 231.370841
164.001186 229.624384
171.539833 230.211893
185.671741 230.288650
198.853689 232.417029
211.283314 238.550951
199.630633 243.376967
185.716256 247.562797
172.887332 249.246636
164.145616 248.781519
157.033406 244.659115
164.400078 235.726048
172.829809 236.408768
188.366563 236.402121
188.026016 241.117039
172.416816 239.887872
163.753795 240.155541
