93 300 59 338
61
165.187793 109.045697
202.732503 108.362193
246.475162 146.414590
250.330895 167.216692
249.245938 203.012532
248.592872 226.537516
203.189775 288.023344
165.638820 280.059473
145.282042 226.796519
142.628842 203.291309
142.832342 167.495347
140.741807 146.674713
132.962131 149.516099
138.742362 145.526436
146.542009 146.564000
153.645180 149.015412
160.324732 151.765658
197.933106 150.415938
208.268075 147.374279
218.900894 146.566682
229.683003 147.868680
237.089351 153.857159
177.410704 161.578551
174.386002 171.251639
170.982539 180.190680
168.736408 188.469379
164.116735 204.696647
169.795310 204.483417
175.243859 204.287174
183.303295 203.359982
192.565598 201.675036
141.652021 165.711218
149.144277 160.924338
158.629774 162.490121
165.363204 168.316710
158.036445 170.445199
149.457699 170.380714
202.908794 167.869168
210.337217 160.919772
221.569902 161.718679
230.713533 167.602637
222.379455 170.109363
212.563510 170.144057
155.686592 228.091695
159.001326 216.324009
167.697004 211.664606
176.784065 211.947637
190.769671 211.621957
204.139965 215.419439
216.140031 225.284475
206.359009 238.291816
193.772587 249.699582
179.001543 253.470867
167.329085 250.578991
158.840590 241.694303
164.879812 219.741702
177.840944 218.921564
196.599291 219.159408
197.834824 238.869285
179.010101 242.333504
164.292633 239.072503
