87 302 62 331
61
165.660975 111.510390
201.086963 111.129076
245.746776 148.179748
251.632495 167.503690
249.362873 205.302524
249.325120 221.491557
201.544235 280.751273
166.112002 279.706688
142.438302 221.750560
138.434125 205.581301
137.228736 167.782345
139.683827 148.439871
133.874434 149.921397
140.453376 147.761894
147.591242 148.777996
154.072670 149.226169
160.557580 150.421230
193.739006 150.697292
204.316221 147.878745
215.540642 147.883083
226.472902 149.628250
236.405309 154.442973
176.123532 168.003650
172.854255 177.898013
169.121038 188.868201
166.425816 198.953517
161.600818 206.788264
167.240893 209.890917
171.616867 210.541348
179.761586 209.030686
188.652215 204.163455
141.138529 165.834349
149.414887 161.900373
158.540926 162.671963
165.836386 167.518797
157.759605 169.853341
148.971371 169.802680
201.263254 168.726412
209.001273 163.239825
219.735704 163.148178
228.293765 168.568120
220.322766 171.260650
211.092991 170.863099
155.075892 221.483997
157.555447 213.575717
166.193884 210.268727
175.296026 209.588357
190.102591 210.555456
203.256412 214.017384
213.999730 221.800263
205.220410 237.321978
193.306324 250.498617
177.703120 255.351592
164.762996 251.150661
157.067471 238.966839
162.538898 214.396651
175.890896 213.663028
196.061362 215.472709
197.603727 241.283629
176.987371 244.964223
162.139852 239.603917
