100 311 50 345
61
165.316714 100.318385
201.709687 98.623181
258.991897 143.706529
260.947567 168.039573
262.533366 217.459377
256.876703 240.949073
202.166959 294.512319
165.767741 294.349179
151.399118 241.208076
147.230950 217.738154
149.525845 168.318228
149.782818 143.966652
134.986371 143.472801
139.498135 141.288866
145.923273 144.005680
151.395429 147.473344
156.388792 151.569976
198.330484 147.428275
209.808234 144.603387
221.770898 143.708904
234.026440 144.997872
245.012255 151.147114
174.083083 166.609763
169.387954 179.658583
164.396871 192.766621
159.947437 204.851478
157.688335 217.525449
161.583764 219.661891
168.258385 222.105184
178.193212 219.765706
190.835477 217.740020
143.518959 167.151182
149.865765 162.486070
157.910573 163.702705
165.492125 167.799297
157.606074 169.756921
149.733024 169.506101
201.885978 169.172286
209.314485 163.605123
219.559805 163.644287
229.917389 168.668349
220.681549 171.230896
211.818206 171.288093
156.015954 241.588002
157.753849 234.340263
163.804633 231.760466
170.160766 232.611544
183.762408 231.645986
197.748342 233.742234
212.226388 240.611266
200.267413 250.117819
187.304417 256.965906
173.258406 259.814278
164.645770 257.897881
157.864413 251.901869
162.863500 238.607163
171.888367 238.830260
190.518200 238.425717
190.844874 247.579627
172.921408 248.037811
162.064045 247.079663
