89 313 29 350
61
164.552536 78.606025
203.340961 76.556818
260.604602 148.410910
262.855788 169.029253
261.239112 214.921393
256.828767 237.517473
203.798233 299.800257
165.003563 303.051726
141.833415 237.776476
136.714670 215.200170
138.524594 169.307908
137.987952 148.671033
139.649004 147.982042
144.896425 147.255775
148.481346 149.722779
152.538973 150.898238
155.725309 152.333224
200.860423 150.765276
211.064840 148.065584
221.237020 147.400608
231.214138 149.225540
240.254113 154.288136
177.231058 164.865092
173.183478 178.203632
168.998148 191.685464
165.495908 205.101453
161.157744 214.804586
165.163234 217.298480
172.388513 219.816667
181.157385 216.431247
191.098693 215.384791
143.399991 169.505750
150.252816 163.681051
158.427077 164.559627
164.727947 169.507162
157.290945 170.313173
150.490085 170.303102
203.517252 168.276896
210.207057 163.050853
220.265475 164.246980
227.738382 169.459931
220.747350 170.073822
211.888852 169.608994
152.454291 237.651203
157.286318 230.628835
164.721461 230.476034
173.134744 231.609023
185.816454 230.602256
199.347332 230.410635
214.410502 237.684838
203.311964 246.501646
190.381928 253.834870
176.018245 257.243316
164.765583 254.834237
155.618641 248.068924
162.705243 236.294933
173.314721 237.668729
190.877207 236.108562
193.404173 245.792274
175.619579 247.350182
162.702861 245.817866
