86 301 40 351
61
166.711790 89.637548
202.026171 87.651805
249.698934 142.801988
250.931899 166.628381
248.680421 216.620051
247.434532 234.869142
202.483443 300.745617
167.162817 295.992646
139.626308 235.128145
134.005215 216.898828
136.178304 166.907036
137.472086 143.062111
131.804058 141.302858
140.029379 141.406918
148.599678 142.825961
156.759332 144.671509
164.366060 146.153992
198.665278 145.893811
207.906157 144.256043
217.558993 143.079469
227.899278 142.375072
237.906663 144.938904
180.548912 165.317553
178.622675 180.868808
175.852384 195.928184
174.720182 211.138904
164.772601 216.821070
169.917077 219.170566
178.695497 221.647086
187.002229 218.935392
194.337846 216.765607
141.439373 165.101434
149.631447 160.959025
159.483318 162.028975
166.887201 167.230479
158.664332 170.903251
149.486290 170.292665
202.202462 167.919788
208.971381 161.268802
219.452700 161.664266
228.379074 166.894667
220.273856 171.333417
210.970254 171.582904
156.107524 236.043338
163.041002 229.520271
171.653143 227.824274
180.700892 227.911648
192.603253 227.760259
203.585342 228.861700
215.100119 233.996143
206.846392 244.842715
196.140865 254.419325
183.022581 258.274501
171.043216 255.227732
161.507320 246.934504
167.756121 233.031960
180.864555 233.446682
197.674513 233.127329
198.567837 245.305728
182.085139 247.521232
167.994309 244.785800
