84 305 51 328
61
165.820612 100.963716
201.537928 101.503035
251.104132 146.632145
255.207838 167.120436
255.060979 210.465928
250.558209 235.620678
201.995200 278.366942
166.271639 278.638969
138.692416 235.879681
131.713967 210.744705
133.802249 167.399091
134.361429 146.892268
132.695944 151.092552
138.491424 148.809428
144.748053 147.614238
151.218844 148.402224
157.853575 149.679764
196.828129 148.947201
206.453136 146.487872
216.452863 145.951663
225.984931 148.066691
234.416646 153.676627
177.940083 164.788563
174.925789 177.338259
171.557154 190.217016
169.397494 201.815205
161.662565 210.903116
168.262563 214.728739
175.504685 214.981631
185.431514 213.825568
192.896247 210.375385
141.671320 167.061662
149.685666 160.404562
158.320933 161.810037
165.996023 167.374273
158.466440 172.324432
149.859354 171.685979
201.714219 168.048373
208.973810 160.318214
219.156020 160.909342
228.169519 166.630406
219.851611 172.019067
210.904885 171.818278
158.334345 234.839992
163.143423 228.507774
169.517978 225.062226
175.898590 226.180647
185.316823 225.141894
193.808715 228.881983
203.043368 236.702556
192.662358 238.307033
183.735733 241.205003
176.358723 241.847124
169.593714 240.975139
164.409781 237.600829
168.349680 230.622177
176.515767 231.308642
187.924971 231.271816
186.816058 233.640212
176.399561 232.702592
168.218977 232.163065
