83 297 47 332
61
165.026378 97.347783
203.806384 96.141963
243.467498 148.166339
246.825493 167.387632
244.305469 206.879802
239.984227 235.225699
204.263656 281.848047
165.477405 282.297573
137.480220 235.484702
131.252345 207.158579
132.884285 167.666287
134.353585 148.426462
136.377829 151.780895
142.438982 149.749362
149.103168 148.393961
156.017412 149.581486
162.172656 151.837402
206.193300 149.794864
214.313817 148.326293
222.918381 148.240174
231.317423 149.901186
238.985365 155.446318
182.201958 162.956627
179.797053 172.464532
177.280514 182.998913
174.768443 192.891183
166.546093 207.502073
173.201674 209.086404
178.942199 209.091181
182.176819 207.646635
189.241609 206.604150
143.035214 167.264427
149.207277 161.612235
157.825204 162.855243
165.201789 167.667308
157.937055 171.020563
149.458097 170.753252
203.982675 167.013171
209.776173 160.926810
219.126605 161.815410
227.464777 168.238418
219.912696 170.703737
211.648007 169.876473
160.189487 235.648181
164.921769 229.577845
171.548783 226.188614
178.225116 226.736602
186.637557 226.335085
194.691987 230.610960
203.196264 235.104403
193.996657 237.817566
185.711029 237.317835
179.538077 236.933497
174.186298 238.420460
166.411336 239.044405
170.682930 232.459508
178.409436 232.334036
188.067281 232.651034
187.891263 232.552291
179.501618 230.035496
172.259210 230.833399
