83 297 52 324
61
165.258776 101.510141
201.684300 99.117314
241.354843 147.668660
246.515370 166.712405
243.401685 207.818227
238.183780 233.727126
202.141572 274.346778
165.709803 276.712891
138.672485 233.986129
131.984182 208.097004
133.134558 166.991060
134.453623 147.928783
134.318187 151.064845
140.308006 149.784045
146.304995 149.085171
153.590607 149.359281
159.804092 150.254358
198.019045 147.706039
208.288523 146.475583
218.859960 146.553724
228.486744 148.495428
237.172677 153.777079
180.013874 164.452780
177.793568 175.026724
175.794151 184.860785
173.802744 194.925021
165.637071 206.652727
171.710579 211.025042
177.499767 211.863728
183.804643 212.256366
193.999226 209.330339
143.209536 166.797789
150.058810 161.146152
158.552834 161.577637
165.434187 166.065856
158.446799 169.593034
150.645811 169.352227
201.860591 167.221469
209.553702 161.198209
219.486135 160.954612
227.883982 167.397240
219.779164 170.683147
211.406721 170.647104
158.810957 234.257353
163.166795 227.117889
169.752937 222.769700
176.201297 223.810625
184.639778 223.145442
193.071098 226.848119
201.321513 233.497999
190.364985 235.245475
182.385999 238.317968
175.291628 240.096275
168.549180 239.346329
162.816090 237.754216
168.795838 230.729008
176.325720 229.938511
185.449491 230.528797
184.111445 231.411830
174.847682 231.423973
167.909017 231.907661
