85 301 42 325
61
164.690723 92.102502
202.213150 93.463555
246.982443 145.779253
251.337019 166.928537
248.903396 207.444814
241.696889 235.744875
202.670422 275.118498
165.141750 279.670727
139.575762 236.003878
131.523570 207.723591
135.270697 167.207192
137.512588 146.039376
131.640532 150.975969
137.935940 147.084796
145.520279 145.814365
153.590203 146.761183
160.485216 149.191535
203.927529 147.143224
214.173789 145.410371
224.455734 146.045740
233.832985 148.470665
241.818611 155.295476
181.519806 165.922512
178.454268 176.456964
176.356687 186.646394
174.291842 196.756231
161.391111 206.955398
168.389514 209.759186
177.538595 211.001289
184.675699 209.844505
195.497127 208.280951
143.774659 166.376462
149.158232 160.616270
157.735731 161.733977
164.866134 167.533564
157.920943 169.062644
149.923712 169.262856
202.389441 167.279068
209.577442 160.930234
219.797678 161.499166
225.964223 167.158012
219.973665 170.431874
211.015837 169.760448
160.113487 235.134576
162.998475 227.993410
169.533330 224.351853
176.576151 225.404384
186.366204 225.319496
194.825297 229.918193
200.802207 236.656332
192.587551 237.557304
185.059078 239.546715
178.091346 240.130520
170.811858 239.382627
163.509328 237.520384
169.943020 231.192292
177.441560 231.120929
188.094409 231.950969
187.697826 234.011324
178.091000 232.569173
169.729437 232.826507
