79 300 49 330
61
166.997390 99.278689
201.637399 98.361628
247.327186 144.748548
249.923804 168.533947
244.924264 211.115506
237.662249 238.852281
202.094671 279.709139
167.448417 284.637821
134.585642 239.111284
125.913185 211.394283
129.382617 168.812602
132.342298 145.008671
132.513141 147.714527
140.522845 145.325859
148.908553 144.246333
158.746859 144.984590
167.782243 146.955769
200.580547 147.460252
210.919368 145.272277
221.769006 145.552293
231.116718 147.650152
240.054001 153.064593
183.484021 157.544079
181.818777 171.900749
179.688173 185.938151
178.234807 199.541246
166.768561 211.247932
171.481835 213.417584
181.050036 215.817373
189.859067 213.830173
197.435128 211.329717
139.740340 169.242898
148.183338 161.656528
158.839978 161.517119
167.172801 167.846131
158.768157 172.035756
149.099958 172.206397
201.813690 169.034835
209.849282 160.770501
221.230643 161.240548
231.252128 168.644694
222.176877 172.470723
211.822859 171.977531
158.213789 239.443896
163.565699 231.348468
171.744156 227.732951
179.729969 228.341023
188.264460 228.535305
196.661151 231.599165
204.308250 238.561903
194.446626 240.900394
186.467355 243.283756
178.729044 244.132438
171.330850 244.045635
164.184730 242.454584
170.169255 235.072656
179.552039 234.672794
190.013323 235.724586
189.143971 237.020117
178.878145 235.256412
169.409747 236.361762
