83 306 57 339
61
165.925391 106.524142
201.261661 107.152740
249.485877 145.177745
256.033360 168.559563
254.086862 209.367751
249.766176 237.327212
201.718933 289.010081
166.376418 294.326002
135.251749 237.586215
130.502965 209.646528
132.877332 168.838218
136.419140 145.437868
134.217790 151.901153
140.093382 147.962485
147.198554 146.314734
155.433492 147.035303
162.712266 149.254601
198.153346 147.100958
208.151546 145.246772
218.267055 144.342233
228.331391 145.676048
237.487805 150.433423
180.088526 161.973357
177.585473 172.996732
175.056219 184.267766
172.673870 195.397357
164.265973 209.538200
169.325439 211.876125
177.507881 213.758795
186.307887 212.245521
194.434467 209.543886
143.351410 168.466132
149.581692 160.544705
158.456964 161.668697
166.100802 169.168938
158.441169 173.062684
150.442633 172.374589
201.437952 169.101744
208.273329 160.594801
219.074559 160.550904
227.516088 168.134271
219.673569 173.189334
210.740532 172.697967
158.330660 237.380934
162.648156 230.430126
170.118348 226.247301
176.926242 225.969198
186.659614 226.420274
195.324367 230.683057
203.657254 237.574661
195.280353 239.630127
186.080713 241.272423
178.514337 241.666030
171.322823 242.174605
163.413307 240.981009
168.377756 232.428320
177.426988 231.314518
189.897425 232.868955
188.913815 236.153040
177.782800 234.394738
169.464383 235.854415
