82 296 49 326
61
166.213987 99.063588
204.095335 98.433939
245.007729 148.493741
246.312837 167.098811
244.566291 210.168668
237.655727 236.305683
204.552607 276.049519
166.665014 276.657809
135.231415 236.564686
129.926842 210.447445
131.803061 167.377466
132.816839 148.753864
134.229659 154.074454
141.913836 150.821257
150.254789 150.033473
158.519376 150.266991
166.027431 152.384988
204.446248 149.614766
212.642187 147.883188
221.937373 147.255570
230.637168 148.591660
238.584732 152.236274
182.174912 159.976725
180.194465 172.102983
178.176059 184.535630
176.629237 195.890181
163.395571 210.218107
170.766572 213.287163
178.913169 214.718060
187.217902 212.811078
196.325958 210.465891
143.470963 167.127690
150.416824 160.943984
158.798026 162.049340
166.389398 166.491350
159.005780 170.773687
150.742110 171.221537
204.271626 167.051615
210.646949 161.814158
220.197262 162.437714
228.628084 168.357399
220.535745 172.351972
212.051863 172.071553
157.489472 237.151489
161.622093 230.035784
169.502207 225.841960
176.997131 226.235989
186.574497 225.348515
195.453068 228.902665
204.652461 235.761057
194.636133 237.906648
186.457661 241.274336
178.509993 242.762607
170.594901 242.123395
162.818297 240.102827
167.481852 232.766014
177.741444 231.832234
189.598075 232.061568
189.352655 234.355774
178.570453 233.521496
168.068945 235.090597
