83 301 47 333
61
165.228421 97.491974
202.144276 97.511349
244.712161 147.204760
250.673367 168.639969
249.262644 211.560455
246.054337 237.797084
202.601548 283.128429
165.679448 284.667018
134.396993 238.056087
130.520819 211.839232
132.683595 168.918624
135.492017 147.464883
131.195096 150.683611
138.494163 147.907315
147.204406 147.987947
156.396306 150.523222
164.178019 153.638633
200.742110 150.298498
210.436228 147.138716
221.260781 146.723107
232.023188 148.035850
241.036946 152.752846
180.498158 161.193739
178.158855 172.358985
175.935560 183.542141
174.042896 194.526326
168.497222 212.277539
173.391290 213.086966
180.922969 213.567838
187.721930 211.675082
194.348524 211.190040
141.432665 169.150957
148.403968 162.260183
158.194277 163.590348
165.403832 169.265532
158.302398 172.821588
149.420288 173.038061
202.320567 168.430808
209.721436 162.052935
220.512381 162.708336
230.073252 168.345412
220.909264 172.450979
211.743779 171.909180
158.368560 238.113064
162.885770 230.672089
169.692353 227.001249
176.208046 228.002074
185.901912 227.773252
194.462003 231.601393
204.151068 237.782235
194.587344 240.836315
185.168678 242.580722
177.499273 242.575493
170.738464 242.851453
162.735427 241.786459
170.239037 233.512227
177.158965 233.671603
186.442649 234.198866
186.490525 235.554049
177.530111 234.387378
169.382312 234.785323
