85 297 62 325
61
165.701816 112.245900
201.778593 110.000236
242.973191 146.571897
246.529658 168.731934
243.376752 208.883205
237.347526 235.403061
202.235865 274.505778
166.152843 278.172458
140.672225 235.662064
133.354315 209.161982
135.007756 169.010589
137.949463 146.832020
132.488322 153.486292
139.444727 149.162738
147.811108 147.342120
156.977274 147.835160
165.479141 148.718358
197.897966 146.633950
209.585525 145.664540
220.546669 146.103195
230.575531 148.578739
240.310944 154.699091
180.444128 158.774392
177.753496 170.877509
174.919363 182.366447
172.649276 194.065925
165.883456 208.619727
171.669290 211.200437
177.516796 211.550324
183.340808 211.055199
192.250873 209.493320
141.686744 168.385821
149.715153 161.190073
158.286729 162.355617
165.877227 169.606828
157.924783 172.763248
149.968739 172.558999
201.954884 169.055698
209.392413 161.139681
219.894831 161.182773
229.122707 168.512341
220.205304 172.308869
211.409959 172.293790
158.137344 235.539241
161.691870 228.069735
169.236862 224.854626
176.089456 225.197169
185.245228 226.102556
193.742929 228.979821
202.360463 235.568077
191.960068 237.807680
182.627524 238.949242
175.074838 239.557124
168.401828 239.738526
161.878552 238.365777
167.350759 231.756779
175.884801 231.310969
186.213513 232.676642
185.165221 234.177800
174.683179 232.308747
167.240675 233.593366
