85 297 47 330
61
164.801192 96.735659
203.470044 95.323062
245.243950 146.225012
246.820591 167.806694
245.218727 211.521836
237.537640 236.188542
203.927316 280.034166
165.252219 285.394433
137.049067 236.447545
132.602943 211.800613
134.535884 168.085349
135.722155 146.485135
137.341286 146.502584
143.794749 144.769522
150.135652 145.753413
157.311442 147.112770
163.782956 150.226319
202.580358 148.190326
211.287650 147.021389
220.408076 146.998122
228.469312 147.939461
236.323432 151.632766
182.172109 165.589680
179.564268 176.441150
176.499848 187.954880
174.051612 199.312328
163.131015 210.897721
168.879439 212.648320
178.859688 215.239789
186.909267 213.604993
195.651768 212.492603
144.312211 168.012717
149.582548 161.782835
157.910771 162.667632
164.976603 167.780341
158.204443 171.654804
150.584159 171.463270
203.646335 167.972539
209.547084 162.360060
219.166946 162.748615
226.998110 168.093973
219.600571 171.863321
211.547420 171.364281
157.173979 236.051702
161.522655 230.740269
168.535850 226.775230
176.242566 227.948723
185.388667 227.186939
193.613147 230.788022
202.502199 236.626608
192.850677 238.991368
184.178105 240.557369
176.263058 241.654497
168.761529 241.707425
161.236512 240.979201
166.802397 233.466026
175.999963 233.572731
187.008512 233.740780
186.039633 235.285856
175.837925 233.963758
166.414911 234.438798
