86 296 47 330
61
165.021614 97.471658
203.045725 97.639062
244.014497 146.926398
246.446471 166.943214
247.329488 207.722044
243.941867 233.881821
203.502997 279.847052
165.472641 279.009024
136.804382 234.140824
131.744951 208.000821
135.710171 167.221869
139.019864 147.186521
134.574216 149.115082
141.336985 147.589414
148.332166 147.344303
155.935723 148.303962
163.078123 149.853889
204.286204 148.537159
213.357271 147.100633
222.780248 146.809997
231.843101 147.395423
239.758209 151.649322
181.855651 165.061610
178.782539 175.339320
176.011665 185.040642
173.513003 194.425715
163.658976 207.470311
171.145732 209.403784
179.042790 210.860429
186.569118 209.378275
195.184498 208.320395
144.070607 166.149595
149.819290 160.541090
158.268789 161.458215
165.197025 167.264477
158.287994 170.206231
149.925976 170.456047
203.222016 167.434943
209.465846 160.981220
219.809144 161.148712
227.868836 167.556790
219.890457 171.124008
211.125926 171.112178
158.912094 234.406101
163.567965 228.225518
170.291397 224.796703
176.422304 226.096490
184.317702 225.343461
192.148865 228.781240
200.428753 233.658711
191.612402 235.000365
183.155076 234.196079
178.190236 233.589225
172.143161 235.389770
164.081971 237.486219
170.010510 231.899130
177.188474 232.271499
185.296859 232.961369
184.433838 230.447295
177.067940 227.249331
170.125588 229.560749
