83 294 54 325
61
165.889863 104.219008
201.751425 101.176294
239.368963 148.020647
244.408923 168.725970
242.614081 210.504689
235.865325 237.724625
202.208697 275.270586
166.340890 280.030962
138.882598 237.983628
133.104820 210.783466
133.301534 169.004625
135.735816 148.280770
131.154210 151.820505
139.488674 148.737532
147.971999 148.616404
157.573715 149.091442
166.123797 150.939213
194.295794 150.577039
206.013961 148.198232
216.704133 147.726351
227.815002 148.230950
238.034024 153.453079
180.708629 163.333231
178.059437 173.726799
175.875504 183.836069
174.053026 193.695519
162.062513 209.135752
169.549956 210.918988
175.891376 210.725518
182.572162 212.560707
192.390809 212.220274
141.457034 168.749549
148.445411 161.363194
157.978113 162.036413
166.065274 168.302952
158.113335 171.725898
149.403705 171.903818
201.927716 169.403876
209.995674 162.162037
220.270363 162.765642
229.032189 169.080512
220.094666 172.840023
211.736453 172.211161
157.924758 238.335995
162.850149 230.389269
170.530802 225.857327
177.430621 227.162826
185.817894 226.653614
193.957572 230.927884
201.517977 237.414428
192.289180 239.069928
184.273348 241.599630
177.139740 242.718170
170.163762 242.944420
163.623418 242.299292
167.944960 233.693500
177.578135 233.406898
187.369605 233.870025
186.714906 235.064085
177.091546 235.072528
167.896740 235.124701
