84 301 48 329
61
165.054453 98.238263
201.529518 97.633144
246.299718 148.917151
250.738460 166.952067
248.248476 210.661450
242.575901 236.228771
201.986790 278.940822
165.505480 280.974363
135.052615 236.487774
131.240846 210.940227
134.214097 167.230722
134.852757 149.177274
134.365749 151.346118
140.396218 150.284506
146.874801 148.993874
154.308883 149.851115
160.962998 151.466925
201.131985 151.101462
211.288646 149.452989
220.672251 149.141905
231.279238 150.498715
240.239167 155.083205
179.867275 164.101580
177.448363 175.076817
175.037461 186.268936
173.563687 196.978276
161.823707 211.471591
169.117396 213.693420
177.391318 214.027204
185.761621 213.267636
195.495977 210.197942
142.308243 166.235182
149.558427 160.328912
158.265217 161.865413
165.229864 167.475927
157.936242 171.660117
149.471811 171.099597
201.705809 168.056326
208.487937 160.487552
219.649790 160.635796
229.722188 166.673745
221.389577 172.078850
211.633575 172.115374
159.291631 236.467438
163.498007 229.977053
169.371972 225.113120
176.141354 226.535517
185.842915 226.440160
193.768004 230.623525
202.927675 236.291289
192.863121 237.420813
184.903217 239.644030
177.067009 240.285563
169.964816 239.463801
163.848428 237.998683
168.454535 232.498116
176.598005 232.674257
187.761845 233.190106
186.409185 233.276189
176.727358 232.440416
168.253261 233.035317
