84 300 48 326
61
165.607290 98.261345
202.681586 96.568747
247.072111 148.383763
250.135870 167.240769
247.487063 211.108097
242.215710 234.860201
203.138858 275.692697
166.058317 281.806415
134.744477 235.119204
132.616577 211.386874
134.048397 167.519424
135.049968 148.643886
136.066101 151.828360
141.166113 149.782931
148.005688 148.932580
155.152232 150.515558
159.962200 153.075682
201.642491 151.456700
210.042469 149.197454
218.782144 148.136443
227.864743 148.513316
236.571900 152.792250
178.795538 165.449981
177.161727 176.767028
175.275217 188.302134
173.879902 198.923911
165.811786 212.495131
172.100626 214.046023
177.936281 214.976495
183.415995 213.282399
192.675840 210.067686
143.190254 167.256354
149.862134 160.947805
158.890279 161.482532
165.782701 167.708486
158.754967 170.179179
149.724369 170.042354
202.857877 167.914053
209.703682 161.756496
220.470058 161.863814
230.114744 166.716873
221.691521 170.497393
212.548036 170.207383
159.005065 235.416003
163.053415 229.346325
169.438595 225.512379
175.909953 226.478255
184.000378 225.830010
190.965077 229.713955
197.921898 234.605584
189.150741 237.040954
182.223559 239.115752
175.859327 240.406086
169.650555 240.134809
163.032381 238.959991
169.186448 232.215169
175.990226 231.727305
183.904742 232.069831
182.894945 231.492068
175.862879 230.126866
169.029409 231.558164
