85 290 64 326
61
165.082344 113.576457
201.890059 110.591527
237.516474 148.471856
240.219248 168.202761
235.711649 210.871404
232.928407 235.353124
202.347331 276.115208
165.533371 276.557526
142.264550 235.612127
134.507297 211.150181
134.532095 168.481416
135.838665 148.731979
137.249618 152.000837
144.043418 149.208141
152.437557 148.245512
160.346111 148.591227
167.343722 150.309323
199.913681 149.545803
208.965555 148.843923
218.358803 148.999692
227.832817 149.825314
236.566914 154.040037
183.014497 168.341243
181.271772 178.979687
179.380246 189.719383
178.209587 199.695853
167.488295 210.404897
172.681417 213.648094
181.252736 214.664716
188.547221 213.562116
195.461320 211.684492
144.241428 168.449979
149.845675 162.090829
158.915135 161.851864
165.257755 168.005074
159.126231 171.223078
150.414551 171.465915
202.066350 168.075538
209.277753 161.786873
219.455781 162.471468
226.628590 168.913265
219.656013 172.058253
210.714434 171.807398
159.959952 234.812755
163.900858 226.916632
170.931904 223.770749
178.511320 223.148743
187.402104 224.292773
195.023742 228.444138
203.092506 236.194696
193.225748 236.836105
185.542105 235.918472
179.252539 236.602964
172.495889 236.466534
165.374990 235.777054
169.790772 229.855225
178.536762 230.157400
188.495752 231.417751
188.450034 231.366573
179.473330 229.917922
171.223945 228.988701
