87 305 59 330
61
165.986506 108.553652
200.910471 105.938808
247.171733 146.345742
255.446890 168.317784
255.862702 211.855881
248.788389 240.570280
201.367743 279.588613
166.437533 282.488100
140.464563 240.829283
134.527452 212.134658
137.042726 168.596439
140.186002 146.605865
137.829613 147.607375
143.547336 146.920464
149.865279 147.997867
155.873887 149.115710
161.455934 150.836273
194.203240 147.483148
204.913769 145.518240
215.136478 144.995216
225.331880 145.730485
235.159592 149.181257
176.960790 162.209159
174.640119 176.211160
172.250769 190.821450
170.400283 205.093257
160.063091 213.015711
166.372312 215.967033
174.261007 216.598215
182.208348 215.277686
191.809088 211.042802
140.724362 168.995416
149.316825 161.400325
158.544286 161.631828
166.161917 167.971926
158.927835 172.232134
149.771538 171.831279
201.086762 168.528374
209.257931 161.132211
220.933518 161.543817
229.848172 168.408300
221.074988 172.365685
211.309471 172.362094
155.997513 240.536173
161.096465 233.488468
167.968645 229.673102
174.539884 229.090795
184.472568 228.977500
193.553885 233.655319
202.226561 240.905567
191.426446 239.934694
182.078455 240.108069
175.189029 240.416797
168.247436 241.256044
161.779331 242.401062
166.848085 236.822103
175.127932 236.036114
186.792530 237.001322
185.852060 235.167202
174.251117 233.194389
166.311540 235.297293
