85 304 42 333
61
166.235141 91.835609
200.919794 92.796983
249.740069 147.576789
253.724031 167.518817
251.414951 209.341836
245.377054 237.311323
201.377066 282.585634
166.686168 284.736133
139.365501 237.570326
133.243692 209.620613
134.815628 167.797472
136.200374 147.836912
134.320049 150.251057
140.742605 147.754630
147.957659 147.417096
156.610352 148.648115
163.091093 151.501869
201.911277 149.010803
212.047339 147.783353
222.822770 148.038012
232.759584 149.721788
240.834308 155.004986
179.820640 161.877756
176.965599 173.261259
173.896374 184.302191
171.862300 194.586230
162.735593 209.058088
167.713498 211.182192
178.152430 213.235312
185.840206 211.915886
193.364033 209.972226
141.728840 167.140355
148.715437 160.209536
158.674859 161.528273
166.410552 168.130112
158.257637 171.885735
148.901318 171.676269
201.096085 166.929065
208.333805 159.588255
220.284368 161.056702
229.466315 168.508617
220.388988 171.826188
209.753194 170.923483
157.542532 236.850394
161.567307 230.357254
168.915767 227.034189
175.462683 228.458853
185.006947 227.813325
194.296711 231.390069
202.732384 238.073410
194.286751 240.225278
185.886570 243.949551
177.944375 245.199057
170.286607 244.181997
162.917225 242.163461
166.802225 234.242822
175.976751 234.307065
187.546607 234.599395
188.527897 235.466327
177.326158 236.091990
167.177444 234.724928
