82 302 43 333
61
166.124398 92.860130
201.761455 92.336616
248.206252 145.771778
252.195963 167.160814
250.435596 210.893494
243.536425 236.802171
202.218727 282.663952
166.575425 284.909135
139.240935 237.061174
131.982424 211.172271
131.956467 167.439469
134.084978 146.031901
129.844399 149.865626
136.110968 147.334445
142.583016 146.457299
150.552905 147.392120
157.872138 149.073391
204.760337 147.608248
214.815693 146.111458
225.356475 145.387761
234.780701 147.809885
242.059098 152.859871
180.422757 163.729724
176.918183 173.783818
173.444143 184.475169
170.857071 195.212333
160.280098 211.325801
167.825572 212.505675
174.977141 211.846722
182.078876 211.788172
189.817590 210.807824
141.428598 166.486115
148.818862 160.043390
157.789259 161.759758
166.299809 167.765328
158.056809 171.262348
149.486895 171.114280
201.937746 167.086543
209.428807 160.186342
220.418906 161.047241
228.782669 167.937986
219.932698 171.800457
210.645919 171.154288
157.743023 237.277913
163.000213 230.910292
169.277353 227.534608
175.013569 228.571709
183.608407 227.623287
192.510145 230.258058
201.494439 236.627654
191.564902 238.951908
183.143178 240.544398
176.449876 240.477087
170.115182 241.432024
163.371081 240.450569
169.767619 234.197222
176.723971 234.215229
185.629935 234.362380
185.477487 235.176655
176.579703 233.674926
168.970792 234.095158
