81 307 44 333
61
165.797427 94.126552
201.590432 91.870287
253.227718 145.593138
256.956572 167.261521
254.646337 209.191661
246.078464 237.292631
202.047704 282.678521
166.248454 277.512510
138.611689 237.551634
132.370338 209.470438
131.203311 167.540176
133.380534 145.853261
130.043868 153.708756
136.103804 149.543206
143.816394 147.613451
151.834668 148.273620
159.224000 149.815452
197.643609 146.550490
207.869802 144.700696
218.739243 143.874333
229.679605 145.558488
238.176407 152.294903
180.111187 165.090027
176.878165 175.554639
174.028108 187.590076
172.051731 197.343798
164.033632 209.706207
170.156116 212.919957
175.740004 215.183775
185.831339 213.789234
193.859335 209.023811
141.920653 167.829510
148.783648 161.575573
157.778627 162.747658
165.972838 167.580707
158.279477 171.631804
150.279806 170.875382
201.766723 167.563871
209.249250 161.473994
219.044128 161.313828
228.191372 166.704845
220.243280 170.782938
212.016445 170.498413
159.340729 237.265156
164.075284 230.502225
171.116933 227.586090
177.875169 228.154703
187.762355 227.646938
196.388377 230.569173
206.083221 237.621248
195.543985 239.167831
186.335374 241.422082
178.901175 242.036441
171.670326 241.063880
165.046009 239.815294
170.198433 231.974169
179.181443 232.977060
190.108815 233.207659
188.922018 235.386618
178.432276 234.680936
170.185174 234.529415
