83 301 50 325
61
163.370768 100.299871
203.756258 101.181132
249.192380 147.961145
251.238316 167.923912
247.483104 208.680449
240.284797 237.070723
204.213530 274.711413
163.821795 280.203896
135.753099 237.329726
129.506109 208.959226
133.297250 168.202567
133.538410 148.221268
135.082309 148.761507
141.352617 148.454015
147.332706 148.635931
153.010323 149.711710
158.549669 149.903787
199.605885 148.048206
209.034500 147.730925
217.822623 147.587904
226.829891 147.839213
236.107676 151.056290
179.818348 165.051024
177.355006 176.320078
174.968225 187.004775
173.524869 197.881274
165.435438 207.579384
169.981251 210.487528
175.505093 213.181356
184.904631 211.585851
191.614181 210.128259
144.003645 167.450874
150.212110 160.935738
157.674218 162.195319
163.546179 167.996619
157.367941 171.621621
150.366433 171.006534
203.932549 168.260904
210.506570 162.151966
219.675855 162.757426
227.793903 168.620167
219.986976 172.109971
211.551278 171.372156
160.584098 237.047013
164.820446 230.945297
170.764822 227.692141
177.177245 228.803513
185.624682 228.336570
192.504255 231.555610
199.029678 237.395631
190.844901 236.547301
183.210780 237.798369
177.403812 238.567144
171.360181 237.525240
165.335019 236.973560
170.258298 234.186550
177.589910 234.715041
185.753724 234.455867
184.134717 232.435297
176.430214 230.977428
170.262082 231.865255
