52 278 33 336
61
166.055920 83.473924
202.636386 86.980050
225.244887 145.928559
227.552941 165.921818
225.366754 213.534846
222.829729 240.744216
203.093658 285.666375
166.506947 283.170496
117.309265 241.003219
104.426885 213.813623
102.145618 166.200473
106.333445 146.188682
124.789729 154.722939
135.245876 148.317322
148.041353 145.564624
160.850817 146.265374
172.714427 149.542162
207.496712 148.333626
213.740031 147.248624
218.977419 146.594037
224.480721 145.822502
229.580706 147.093979
193.374267 162.058839
197.231832 175.967103
201.234230 189.799248
205.567774 201.854771
181.274399 215.285804
191.791956 217.069271
201.867696 217.076551
206.874170 216.094750
210.369260 212.130533
138.467358 166.866733
148.651004 162.038309
158.809457 161.384097
166.231331 164.671329
159.172478 170.966576
148.809466 171.477476
202.812677 165.756493
210.359218 162.324145
220.915697 162.622752
228.726237 167.025551
221.964643 172.026755
212.530342 170.743723
168.423604 241.727219
176.994942 234.589196
187.797767 231.095788
197.495715 233.063238
202.732515 230.929939
207.313932 233.825578
210.159665 240.062358
205.834124 243.966653
201.858093 247.030370
198.373544 248.403823
188.449058 247.300773
178.831373 245.694540
184.948834 237.671620
197.181911 238.447436
201.499823 237.892478
202.274667 238.031228
197.596585 237.663728
185.627927 238.440022
