44 274 35 339
61
165.534553 85.046055
202.835461 88.853762
218.115808 144.637678
224.017714 166.155813
228.153280 211.507894
226.178610 241.833723
203.292733 288.816066
165.985580 287.316499
108.597108 242.092726
94.212871 211.786671
93.661173 166.434468
102.051984 144.897801
125.630405 148.260861
135.069489 145.059876
145.661931 144.320146
156.857174 146.333316
167.429937 148.183069
210.558097 149.164707
214.551418 147.106792
218.663382 145.256700
223.595712 143.349222
227.557624 145.035135
193.376052 165.380665
197.678668 176.697064
201.890384 188.460836
206.177959 198.570031
182.130514 213.088293
194.643864 214.046776
202.277771 212.281807
205.292341 212.115291
207.344177 210.274154
137.660464 167.132470
148.225374 160.879999
158.508524 160.358728
165.709964 165.616320
159.156858 170.636643
149.283862 170.923734
203.011752 165.624477
210.239993 161.353813
219.950421 161.627875
226.661318 166.882877
220.531413 171.340069
212.403153 170.321843
168.055292 243.220286
178.669330 234.351595
189.729818 230.127207
200.296969 231.324866
204.656142 230.591971
209.245760 234.044241
211.121327 240.748256
206.629891 242.586458
202.404709 244.827587
199.047970 244.831095
189.535454 244.305099
178.427224 243.414907
187.301803 237.571389
198.894027 238.285282
203.578352 238.437568
202.501089 238.500602
198.016462 237.430347
186.558472 238.327863
