61 288 34 341
61
164.993809 84.323502
203.376831 84.368445
235.023704 147.715782
237.720953 166.787515
236.309875 210.194537
235.582465 236.842151
203.834103 290.957777
165.444836 289.481691
123.547000 237.101154
113.289683 210.473314
110.915181 167.066170
114.261540 147.975905
126.195477 151.765936
134.607386 148.037453
145.290110 147.486039
156.579613 148.281274
167.198420 149.246998
210.492290 149.799663
216.855048 149.062678
222.741733 148.247130
229.817984 146.304201
235.412106 148.189650
191.032548 171.280227
192.407495 180.104439
193.328894 189.472317
194.744455 196.742216
177.852488 210.961023
185.851289 209.816395
192.815240 209.392795
196.175110 209.925285
199.723359 209.774587
141.537373 166.772754
148.919893 162.444993
159.269275 162.273502
165.169220 167.222991
158.613717 170.174746
149.300854 170.120362
203.553122 167.037284
209.721321 161.574848
219.468629 162.230136
227.579600 166.749993
220.275360 170.358397
211.857915 169.435128
160.997607 236.526274
168.260339 228.493643
179.592141 223.615589
190.559248 223.843830
198.533085 224.106478
205.655929 228.598294
209.540652 237.459229
202.192820 242.158199
196.130136 245.046700
189.641371 245.577669
179.765007 244.794838
169.820940 242.388509
177.691803 230.294376
189.947241 230.351294
197.330834 231.163218
196.667506 236.111258
189.831017 234.445516
178.026430 235.276240
