56 280 43 336
61
165.641472 92.711848
200.149867 95.689493
224.129971 143.941979
229.657429 166.925497
230.389412 203.540842
229.965317 227.912133
200.607139 286.464100
166.092499 284.467540
115.579339 228.171136
106.176313 203.819619
105.670809 167.204152
110.046216 144.202102
125.915870 149.547834
134.632900 145.263768
145.311839 144.434803
156.308478 144.396395
167.239999 146.755082
205.997075 145.919688
212.153908 144.522399
217.812665 143.750738
224.906675 141.892571
231.011299 144.658316
190.664329 166.895682
192.034907 174.770248
193.416912 183.529728
195.036887 191.352313
176.348453 204.323115
185.090277 202.434639
192.595888 202.402755
196.425791 202.736934
198.803211 203.105246
139.562602 167.967769
148.350505 161.773388
158.784278 160.853298
165.816883 166.578277
158.929942 170.857737
148.532368 171.278970
200.326158 166.510195
208.089545 160.934996
218.263006 161.415530
225.536315 167.278560
218.904423 171.226066
209.625291 170.270209
159.725518 229.255303
169.349853 220.539600
180.284902 216.949453
190.867601 216.909868
197.199940 216.396670
202.367444 219.729452
205.204166 226.870185
202.371722 232.850539
196.688162 237.218455
190.112595 237.980602
178.476677 238.034730
167.904053 234.583771
176.434772 223.270354
189.730717 222.472816
196.580088 223.231951
197.242883 229.407996
189.471594 229.329664
176.127783 229.376211
