47 275 54 333
61
166.486374 103.764893
203.110606 106.041111
221.393801 146.750292
224.772997 167.412571
225.134379 212.814724
227.277329 230.535460
203.567878 282.768823
166.937401 287.075143
105.551564 230.794463
97.818141 213.093501
97.093602 167.691226
103.249530 147.010415
122.638931 154.636724
133.054217 149.015806
145.115205 146.530718
158.090607 147.014623
169.953197 149.210293
205.855370 150.461093
212.150463 148.057749
218.548803 147.271413
225.625952 145.955187
231.695476 148.214158
191.376057 166.012974
193.914255 176.284866
196.353319 186.833344
198.868041 195.989656
179.795799 215.030576
189.005432 211.110633
195.611822 209.467315
198.390013 210.103329
199.070663 210.945477
137.928575 168.112097
148.401697 162.314920
158.841629 161.597491
166.661785 167.421419
158.330764 172.007599
148.644638 172.765093
203.286897 167.014650
209.811928 161.345835
220.436026 162.071076
227.009246 167.734895
221.527708 171.282605
211.784219 170.578531
159.119244 232.602987
168.756603 223.964834
179.745257 220.790136
190.794834 220.707526
196.675627 219.681168
201.908090 221.688343
205.198585 228.769080
201.843236 234.313578
195.712971 238.216022
189.607930 239.851201
178.514714 239.793781
167.182297 237.913079
175.780893 227.057923
189.504537 226.045919
197.275025 226.448122
197.534396 231.623849
189.126759 231.729262
175.197710 232.010634
