67 279 40 334
61
165.376800 90.416048
203.352227 93.194039
225.977614 140.142164
228.751904 166.986759
229.192019 211.274176
225.397118 243.863143
203.809499 284.260852
165.827827 286.629832
130.741504 244.122146
117.242073 211.552953
117.338926 167.265414
122.299228 140.402287
129.089205 144.948951
139.073801 141.817806
149.576280 141.997125
159.974695 142.750892
169.849074 144.385446
201.925705 140.430253
208.725188 139.329869
215.671874 138.588763
223.210781 136.644977
230.561262 139.092807
187.416412 162.752725
188.086394 174.228297
188.949460 184.999856
189.807675 194.151634
174.426252 213.258755
182.373156 212.099341
188.974775 211.710271
194.255594 211.402038
198.101579 209.636257
141.176007 167.703991
149.341465 162.035863
158.257336 161.987386
165.552211 167.645031
158.599181 171.230747
149.266551 171.351412
203.528518 166.480050
209.600807 160.570038
220.094003 161.075302
228.197691 166.750914
220.973643 171.400735
212.546385 170.676081
163.197100 244.685794
168.618316 234.129077
178.031528 227.098754
187.168302 228.116915
195.739024 226.492773
203.622106 232.256388
208.192970 243.341664
202.006389 249.602930
194.847190 255.429166
187.217836 257.356976
177.630886 256.624174
169.097577 252.857516
175.650455 237.760813
186.759161 236.678609
196.861268 237.207890
196.666892 243.528049
187.690816 244.558433
176.123003 244.595255
