54 278 45 334
61
166.623082 94.592138
200.883659 97.838382
226.729792 148.376151
228.003824 168.141113
231.023620 210.198790
231.277452 239.434630
201.340931 283.797097
167.074109 273.991681
121.608808 239.693633
107.921109 210.477567
103.787237 168.419768
108.506172 148.636274
124.178230 156.972604
134.344473 152.072720
145.643073 149.959507
158.619031 148.348643
171.141905 150.373357
206.351035 149.402040
212.820737 147.890438
219.562136 147.094338
226.742298 146.866518
232.635145 150.217069
191.876992 162.878988
195.230423 174.551164
198.767376 187.065699
202.383068 197.877536
179.585021 211.491474
190.955287 212.702506
200.487680 212.889250
206.153913 211.743573
211.257860 209.252698
141.256000 168.723355
148.819815 162.795768
159.312721 162.284469
166.798493 168.339260
159.073265 170.909323
149.254167 171.070608
201.059950 167.800243
208.932144 162.371351
218.796363 162.397577
226.017975 168.334474
220.029166 171.132715
211.330595 170.408292
169.526334 240.690593
178.101026 232.860264
188.622990 228.528678
199.045049 229.153159
205.664358 228.177831
211.604483 231.293130
216.127441 238.479860
210.593500 240.266086
204.953595 243.504157
199.481415 244.909900
189.419396 244.548180
178.627418 242.817178
186.099599 235.623860
198.670064 235.478537
205.723731 235.861268
205.465655 235.920947
198.587125 235.587830
186.379256 236.060117
