65 277 58 336
61
166.375448 108.438631
203.209074 110.691706
225.477418 142.478268
226.946213 166.918854
224.341035 212.919297
220.509831 240.626688
203.666346 285.579436
166.826475 289.995250
123.997548 240.885691
112.602723 213.198074
114.683024 167.197509
118.625747 142.738391
127.025561 147.885051
137.896121 145.443620
148.920819 144.750317
160.162969 145.113049
170.818961 146.202817
198.854893 145.756244
207.401944 142.495413
215.643537 140.507707
224.674183 137.942574
232.794513 139.588548
187.798952 163.564692
188.071589 173.262865
188.675732 183.766223
189.299709 193.365100
173.173815 214.291500
180.234128 212.593263
188.836208 213.039717
193.775238 211.542610
197.323434 211.893736
140.964603 167.274921
148.935228 161.255191
158.697134 160.652486
166.550859 167.081109
159.353460 170.393641
149.570484 170.799500
203.385365 167.002280
210.098703 161.044293
221.183952 161.116798
228.439335 166.949775
221.404411 170.984090
211.856304 170.451580
163.679818 241.687901
167.399699 232.751242
176.414736 226.434148
186.290062 226.898197
194.589522 226.183912
201.239776 230.996896
204.271447 239.866642
199.301943 243.212018
192.257276 247.711404
184.759298 248.974197
175.590391 247.874430
167.942719 244.531121
173.500722 232.860258
185.625145 231.923242
195.685805 232.736303
194.562813 239.020805
185.649214 239.325370
173.490897 238.542682
