55 277 48 336
61
165.752522 97.621973
202.337652 101.193816
223.543122 146.181781
227.283342 166.413657
226.637103 210.421101
221.638783 241.898046
202.794924 286.234536
166.203549 286.408621
122.454350 242.157049
108.392599 210.699878
104.920545 166.692312
106.631434 146.441904
127.687074 151.299521
137.272582 147.524937
149.224276 146.084612
160.405128 147.216196
171.289096 149.498327
203.060730 148.616908
209.986002 147.083230
216.665172 146.580392
223.981537 145.202804
231.056493 147.086695
189.319072 162.599914
190.954925 175.469065
193.041859 188.464680
195.059466 200.447613
177.344066 211.177016
186.716195 212.424656
193.471826 212.259449
196.187840 211.434475
200.497230 210.011784
139.630186 166.384080
148.167302 162.148430
158.593568 161.957793
165.927933 166.389266
158.343270 170.566634
148.524674 171.058584
202.513943 166.632411
209.561225 162.388965
219.023002 162.471305
226.724675 166.881693
219.988397 170.444628
211.277834 170.339384
163.755494 243.025209
169.341749 232.565200
180.795732 227.224355
191.792046 227.531240
199.736089 227.491578
205.577893 232.653648
207.698494 241.072051
201.619745 244.881129
196.027409 248.132359
189.959650 249.394044
180.481914 248.916773
171.325129 246.477701
178.977640 236.169273
190.915895 235.903661
198.252962 237.005699
197.074348 238.873893
190.460517 238.244952
179.105911 238.474642
