55 281 47 342
61
166.808442 96.543674
202.298400 98.617058
227.522921 147.321073
231.373098 167.051746
235.966159 208.935613
236.102414 233.985842
202.755672 292.375618
167.259469 288.625897
115.801445 234.244845
109.630141 209.214390
105.412549 167.330401
108.724595 147.581196
121.915451 157.717401
132.288872 151.135639
144.739575 147.682948
157.365575 147.347118
169.755987 149.341876
211.508328 148.837647
216.914343 147.831302
222.760095 147.260702
229.157645 146.936146
234.884427 150.269135
192.370276 159.230461
195.315257 170.669968
198.720101 182.257331
201.920748 193.130759
183.821795 211.890517
193.850997 211.383906
199.643220 210.044383
202.013823 209.007643
205.399078 206.327370
138.233030 168.450009
148.213135 161.246613
158.874945 160.477239
166.983853 166.893802
158.917910 170.660812
149.202122 171.519279
202.474691 166.173926
210.894740 160.117747
220.247096 160.530999
228.516477 167.321999
220.715073 171.852096
212.167680 171.478827
161.306569 234.950293
171.461148 227.156016
183.635530 223.339121
195.202683 223.176064
202.201435 222.747575
208.140977 226.353952
212.827969 233.322490
208.076216 239.826211
202.285849 244.522621
195.708958 246.174708
183.118397 245.356406
171.016364 241.744860
179.888724 230.436313
195.283985 230.130037
202.817415 229.851774
203.595828 235.007571
195.534135 235.126935
180.152509 235.781534
