55 280 34 337
61
164.607220 83.758993
202.452482 85.436590
226.741059 145.528925
230.249108 167.406355
232.441824 205.679233
232.999021 232.338209
202.909754 286.619810
165.058247 282.742459
118.935228 232.597212
108.291182 205.958010
104.687066 167.685010
109.659437 145.789048
125.313331 152.852682
134.590764 148.135968
145.886438 146.611902
158.269498 146.164190
168.635876 148.522164
211.623676 147.358799
216.364338 145.246990
222.305937 144.747423
228.367380 144.847556
233.010588 147.773321
194.191767 160.075020
197.279388 171.861222
200.082290 183.478133
203.595623 193.650584
180.423783 207.714911
192.027950 207.197354
201.403104 207.570407
203.677483 206.019736
205.935766 203.990171
139.486928 167.966157
147.419329 161.431666
157.734730 161.108812
164.782631 167.582996
157.642898 170.956652
148.930663 171.430980
202.628773 167.509273
209.851592 161.246920
218.793731 161.862562
225.547079 167.199832
220.229396 171.426656
211.610688 170.855703
162.554436 232.770098
172.863967 226.297437
184.550075 222.379066
195.326373 223.162833
201.788629 222.953888
208.185361 226.283862
213.175137 232.207526
205.141073 233.474249
199.161349 233.426653
194.642136 232.576565
185.312434 233.132925
173.896829 234.136822
182.836580 230.235225
194.619177 230.623755
200.422766 231.266651
199.957854 229.088651
194.316889 225.862168
182.908877 228.550889
