57 276 52 332
61
166.239016 101.924854
202.816537 104.300538
223.842883 146.103916
225.671081 167.858276
225.140154 206.269421
225.306808 228.184284
203.273809 281.741003
166.690043 279.200416
119.569540 228.443287
110.161106 206.548198
106.716778 168.136931
108.697725 146.364039

124.635059 154.211611
135.854114 149.114526
148.491623 146.422841
161.203531 146.575566
173.442143 148.665882
204.089005 149.461256
210.301837 147.032557
216.548465 146.086472
222.438101 144.354523
228.950984 146.263129

192.898011 164.493940
194.996109 176.317080
197.548352 188.543950
200.655718 198.962485
178.336194 207.886530
188.486358 209.280270
196.069464 210.136369
200.443368 208.032716
202.590399 204.998951

138.358638 167.570666
147.619771 161.814052
158.095675 161.690230
166.414427 167.650483
158.206215 170.435976
148.757242 170.819864
202.992828 168.733122
210.630813 162.672282
219.821089 162.584616
228.563776 168.111613
220.850859 170.592671
212.625620 170.511206
158.211387 229.531990
166.992119 219.446160
180.788655 214.978315
194.389369 214.631654
202.867910 214.136076
209.918244 217.830686
212.395703 227.137729
208.259344 237.784169
202.249370 244.989561
193.826801 247.762302
179.792284 246.154315
167.146439 240.596273
177.329567 221.961785
194.288173 221.174087
203.218328 221.806034
203.081298 233.793467
193.647334 236.348746
176.796966 235.427972
