80 295 46 328
61
165.146386 95.870167
202.865131 96.225840
243.912727 148.108999
244.597121 166.363847
240.169553 210.313357
239.523434 228.051614
203.322403 277.829784
165.597413 284.523460
131.056508 228.310617
126.054962 210.592134
129.857289 166.642502
130.614761 148.369122
130.739765 150.388112
138.532252 147.495717
146.666078 147.501136
155.079851 148.809031
162.398056 151.104759
202.926055 153.187535
210.874977 150.073927
219.259349 149.018396
227.953951 149.605899
235.215030 153.216967
181.911415 164.254252
180.006314 177.309933
178.311898 190.199149
176.272526 200.725813
164.071361 210.306650
170.396678 213.494676
179.537105 216.023076
188.074536 214.536532
195.621583 210.666630
142.617304 166.748851
150.287629 163.001888
158.454878 163.646019
165.321797 166.217768
158.157501 168.324261
150.353683 168.664886
203.041422 166.688084
210.119982 163.485915
219.164775 164.119710
226.892900 166.433544
219.805403 169.253154
211.130108 168.785311
155.050096 228.383836
160.467248 222.557831
169.950859 221.335670
179.004807 222.393848
190.009348 221.354711
201.080609 222.585912
212.200598 228.020493
202.315228 237.346435
191.359396 243.715679
180.149311 246.268774
169.094596 244.496240
159.892899 237.800992
166.551054 225.072314
179.038807 225.830989
193.855913 225.874887
194.692494 234.641593
179.515431 236.594519
166.030528 234.970727
