82 297 49 331
61
164.837359 99.071442
203.773851 98.052464
243.291207 145.490593
247.111360 167.744631
243.743757 211.103955
241.471855 228.737247
204.231123 280.570856
165.288386 275.551971
141.806376 228.996250
134.698786 211.382732
132.042466 168.023286
132.549348 145.750716
128.856282 153.034989
135.612112 147.068817
144.406163 146.026280
153.449019 147.408150
161.279410 151.026174
200.057585 148.462365
210.197805 146.273259
220.385575 145.256483
230.422701 147.141135
237.744884 153.341863
180.464987 166.390383
178.768101 176.620440
177.092673 186.723076
176.135496 196.261247
171.346397 213.814742
176.928818 213.311866
179.898582 212.161938
187.079300 210.968783
194.647326 208.739813
141.536190 166.912372
149.484373 161.217644
158.206396 162.669472
165.012770 169.069632
157.552440 171.962566
149.033105 171.611656
203.950142 168.033346
210.654572 161.503215
220.761483 161.401260
229.356735 167.595975
221.144237 170.518310
213.036742 170.331692
161.320551 230.439574
166.250288 222.582496
174.595281 219.540676
182.993686 220.202270
194.163647 218.379133
204.955091 220.435478
214.137789 227.336109
208.188559 238.088289
198.409922 248.953638
186.022265 252.808620
173.666306 251.307586
164.258802 242.429111
172.916394 225.094742
184.067851 225.983873
198.461172 224.668736
199.851580 236.926112
184.624456 240.328500
171.548136 238.253413
