78 304 49 339
61
164.814047 98.958368
203.506227 100.155578
253.156281 145.216739
254.054394 167.840381
255.379008 211.118947
249.935880 231.203065
203.963499 288.788884
165.265074 284.141003
140.187084 231.462068
131.835941 211.397724
128.032229 168.119036
129.439652 145.476862
127.844684 152.087785
135.292960 147.294322
143.609108 145.795736
152.662591 147.559740
160.038946 151.646871
195.915492 149.582394
207.573218 145.688269
220.761676 144.939334
232.533862 147.774083
242.022192 155.490554
179.092025 168.189669
176.959774 180.797723
174.734188 193.236140
173.502938 204.265125
170.251671 211.958346
175.010594 213.876166
178.892534 215.458601
186.762129 214.111585
193.713184 210.626255
143.254326 166.875479
149.430627 162.206486
158.629334 163.313554
164.989458 167.813819
157.901917 168.887104
149.706277 168.690974
203.682518 168.675296
209.569901 163.814419
220.248772 164.164727
227.689850 168.629768
220.991247 169.940711
212.455703 169.580784
162.863654 231.110342
165.896993 226.804021
173.344985 224.756404
181.320529 226.611759
193.663867 225.348164
204.946883 227.062800
217.039039 231.596953
208.918410 241.929653
198.092596 249.960389
185.343872 253.607996
173.428335 251.226496
165.879262 243.268838
172.396758 231.255634
182.520570 233.027519
198.711064 232.369657
200.772088 241.124634
184.760203 243.279234
172.875764 239.997017
