79 305 40 334
61
165.765050 90.046446
202.297691 88.901522
253.789827 146.345673
255.305624 166.925794
251.055082 211.608364
246.780699 231.700823
202.754963 284.487635
166.216077 287.581325
135.018333 231.959826
130.067612 211.887141
128.832063 167.204449
130.073356 146.605796
129.851706 148.785556
137.847626 147.291940
146.640133 147.536638
155.555095 149.352775
162.893338 151.915471
200.021282 148.579990
210.199699 146.250972
220.848663 145.456188
231.509694 146.758195
241.038458 151.090807
180.600033 160.165280
178.217147 174.479440
176.206903 189.328982
174.799197 202.662331
167.668318 212.698530
171.228231 215.919785
179.139519 217.404986
187.015540 215.214528
194.267194 210.864891
142.528941 167.274092
149.719786 164.009923
158.525323 164.320104
165.940461 166.893892
157.580586 169.675563
149.440443 169.527665
202.473982 166.568788
210.497730 163.492472
220.209685 164.557720
229.191329 167.599042
219.896694 169.118602
211.136985 169.017040
155.516901 232.921720
161.042740 226.693246
169.827705 224.237524
179.089843 224.570192
191.622846 223.565299
203.790150 224.594305
215.598218 230.781147
204.632824 239.797303
193.433798 247.119872
180.889440 250.282062
169.158385 249.453250
160.288692 243.867220
166.649927 229.638860
179.786956 229.770326
195.688712 228.962687
196.555556 239.796473
180.126861 241.591270
166.457730 240.585496
