82 304 43 336
61
165.733181 93.459257
203.381063 94.253326
250.567164 146.464400
253.588555 167.465017
250.517952 208.225021
249.743359 229.392672
203.838335 285.537705
166.184208 293.856753
131.325463 229.651675
126.932055 208.503798
131.605112 167.743672
135.056283 146.724523
130.626633 149.670796
139.192420 147.571939
147.920140 147.248659
156.448944 148.123625
163.868882 151.393007
202.267238 148.578711
212.269973 146.371601
222.539775 145.981672
232.228506 147.280348
240.621758 151.668692
181.771394 161.801415
179.539362 174.097098
177.906284 186.348558
176.267991 198.339360
163.930006 208.726795
169.852914 212.309839
179.667194 212.690363
187.530395 211.661957
195.860818 208.069864
141.095514 167.712000
149.199509 163.462379
158.061702 163.579686
165.908592 167.518871
157.410538 169.047053
149.421915 168.998912
203.557354 166.423403
210.896916 162.619554
221.154071 163.565634
229.481686 168.838521
220.757002 170.515762
212.306313 169.191245
150.401108 230.072666
157.043246 223.906958
167.409905 221.728855
177.424822 222.038577
189.638029 221.514939
201.337033 223.402434
213.915056 229.013886
201.776935 236.724644
189.149717 243.477532
177.087474 246.282555
165.263345 244.852196
155.132987 238.322314
162.806618 227.674175
177.679691 227.323463
194.683992 227.556290
195.084285 235.666980
176.920026 237.212227
161.547598 235.487376
