82 304 57 328
61
165.307185 106.519806
202.607357 104.748448
246.897175 146.500561
253.668398 168.399731
254.504839 209.921167
250.884373 230.731134
203.064629 277.651412
165.758212 273.671907
138.271589 230.990137
131.125660 210.199944
132.359325 168.678386
136.073483 146.760684
132.796847 150.724383
139.010166 148.448018
145.399605 147.511064
152.100985 147.887419
158.366024 150.214718
196.187838 147.667305
207.133558 145.626254
217.597498 145.791617
227.670315 147.887291
236.321084 154.038377
178.439668 160.834749
176.090717 174.965640
173.394168 188.571811
170.978391 200.804376
166.174237 210.683425
169.279645 212.199483
176.562749 214.071862
183.732069 212.297621
190.800970 209.505601
141.054832 168.421018
149.074092 162.424648
157.716549 162.916040
165.482596 167.942540
157.911795 170.197543
150.160681 169.573939
202.783648 167.842396
211.572177 162.889512
221.617229 163.631822
229.945689 170.025944
221.211927 171.287712
212.746142 170.844351
155.751551 231.186316
161.051245 223.838250
169.823756 220.910370
178.625914 221.310128
191.332956 220.956638
203.244166 223.920789
213.716820 230.577139
203.717709 235.762925
192.678802 240.859719
181.596719 242.729556
171.160746 242.047947
162.476070 238.009314
168.629758 227.805246
180.184195 227.467523
194.886146 227.934155
194.704251 235.856875
179.875867 236.373168
168.136180 235.902362
