81 295 49 337
61
164.848311 99.036313
202.492221 98.823730
242.641147 149.173783
244.882006 168.274273
245.962862 213.297853
247.373756 228.803309
202.949493 286.596902
165.299338 287.272379
128.619357 229.062312
126.774980 213.576630
130.502265 168.552928
132.903940 149.433906
131.721720 155.636808
139.191214 152.805568
147.542277 150.083189
156.394062 149.421592
164.529746 149.692328
202.560709 147.926384
211.208537 148.136004
219.841027 148.565922
228.263488 149.437973
236.527088 151.760381
183.187939 163.913418
181.789150 176.491713
179.692695 189.261972
179.333662 202.482208
166.380034 213.843922
174.424008 214.062706
182.768957 215.888326
189.788525 214.776270
195.707526 213.098454
141.619568 169.223966
148.978895 162.444430
157.729216 162.437130
165.023722 167.631531
157.799813 170.936092
149.196947 170.949729
202.668512 168.270158
209.125054 161.649687
219.761276 162.390404
227.415465 168.604250
220.278924 171.648188
211.683528 171.350732
153.733794 228.035300
162.005227 224.423516
172.474239 222.704527
182.619516 222.055188
194.223810 223.084433
204.575464 224.884877
215.310272 229.872514
204.127908 235.284836
192.778947 238.704270
182.336954 240.350759
171.170318 239.461995
160.289074 235.984537
167.538447 227.371070
182.374353 227.732543
198.222425 228.724961
197.354237 235.799852
182.025759 234.817452
167.090370 234.682246
