76 301 54 334
61
163.798812 104.174377
202.145789 104.525846
247.546056 150.440009
250.868380 167.779840
248.054494 209.540001
246.973415 229.185154
202.603061 283.834877
164.249839 282.646957
127.917618 229.444157
125.465346 209.818778
126.276318 168.058495
126.619935 150.700132
125.133076 156.827536
133.917150 152.601423
143.440010 150.817019
153.440534 151.444170
162.475481 155.002558
195.868019 152.786005
206.635192 149.905379
217.594970 150.364494
228.194292 152.301225
237.610605 157.662823
179.825445 162.190475
179.010844 174.623898
177.271239 187.186484
176.450347 199.473056
165.359920 209.976929
170.751988 212.358766
180.918020 215.896239
188.834764 212.963632
195.920245 209.449693
141.711293 168.733704
149.486961 163.304162
157.668789 163.541178
163.974223 167.001147
157.183572 169.769690
149.454032 170.351955
202.322080 167.383044
210.170588 163.228798
219.204871 163.846052
228.371590 168.634236
219.673639 170.612026
211.724858 169.969717
154.479281 229.964990
161.659795 224.107556
171.863762 221.723865
180.578625 222.538198
192.528157 221.333221
203.042707 223.465354
214.309484 228.706454
203.942632 238.109390
193.607099 246.031755
182.639443 249.595235
170.955720 247.792543
160.703531 240.418443
167.691038 227.724005
181.911636 228.813199
198.074882 227.978159
196.825423 236.698686
181.233941 238.998584
166.537303 236.718833
