83 301 52 334
61
163.950741 101.645978
202.132784 100.385259
246.753552 148.212173
251.419305 168.287804
247.588566 207.694850
244.352245 221.702259
202.590056 284.015235
164.401768 277.155404
136.974028 221.961262
135.126522 207.973627
133.066937 168.566459
134.114300 148.472296
125.650079 152.855427
133.365316 149.547211
142.573190 149.048305
151.030501 149.691112
159.577581 152.408569
197.779170 151.444741
209.064733 148.675505
219.895436 147.677554
231.380552 146.658465
242.281110 150.178660
179.502157 168.253669
177.777036 179.104027
175.504780 188.487387
173.916251 197.996867
168.464210 208.712537
175.545097 210.520266
180.101238 211.660125
187.963564 209.619993
194.065497 207.023741
142.520944 168.235034
148.631141 162.416226
157.553566 163.576943
164.126152 169.058748
157.269006 170.103093
149.770574 169.936905
202.309075 168.796830
209.106604 162.778483
218.789162 162.641134
227.118554 167.693383
221.023346 169.691570
212.269258 169.700966
154.850048 223.102115
160.853779 216.870767
170.236737 215.951924
178.281784 216.403054
190.709454 215.356986
202.835805 215.327905
213.250034 220.603576
204.721420 234.759327
193.635991 244.985648
180.363180 249.160303
168.329486 246.968041
159.089839 237.773970
167.173225 221.133099
179.642525 221.986728
196.512551 221.218454
197.004963 235.198399
179.637077 239.507843
165.695797 236.063601
