84 305 48 336
61
165.240692 97.562341
202.931450 96.721069
252.347628 147.559296
255.349603 167.826495
255.724000 207.795373
252.774447 228.801791
203.388722 286.181600
165.691719 286.352760
135.352342 229.060794
131.933649 208.074150
134.352584 168.105150
135.535745 147.819419
133.195713 152.199532
139.113762 149.328361
146.265323 147.892741
153.748987 148.476262
160.319585 150.409341
203.806797 148.396115
213.099071 147.494483
222.058606 147.527297
229.992297 149.456187
238.263526 153.147902
183.074968 166.054514
181.067107 177.234026
178.561628 188.740620
177.034804 199.521926
166.384962 207.531660
171.864836 209.974008
180.459163 212.245095
188.490805 210.938177
195.163514 208.405653
143.327355 168.462673
149.072134 161.450114
158.073055 161.824068
165.416103 167.835095
157.952854 171.180431
149.600460 171.001173
203.107741 167.877379
209.596563 161.129355
219.627531 161.748424
227.948907 167.763511
220.226547 170.712573
211.305537 170.956393
152.915443 229.716704
160.831058 224.030266
171.200981 222.607968
181.243992 223.545247
192.959562 222.166319
204.900077 223.757782
216.406061 228.188053
205.302711 235.863467
193.857967 241.487283
183.188177 243.522881
171.312139 243.464206
159.988122 238.905007
168.037326 228.398376
181.639224 228.867226
197.962427 228.296653
197.853258 236.383384
181.216587 236.982050
166.183065 236.548122
