81 303 54 341
61
164.269162 104.337406
202.280037 98.898728
250.794161 149.652045
252.738206 168.170846
249.954142 210.025382
251.101241 228.765734
202.737309 290.840617
164.720189 285.183364
131.204822 229.024737
130.104376 210.304159
130.543391 168.449501
132.563085 149.912168
134.236733 153.778751
141.398877 151.435448
148.458297 150.957072
155.708150 151.690222
161.604438 153.882583
201.542978 151.489157
211.471131 149.050756
222.007460 148.648553
232.432636 149.605937
240.986422 155.615896
180.362550 163.333643
179.198741 174.979608
177.172155 187.020578
176.158642 198.967970
165.407513 212.365114
171.929880 211.898437
180.252903 213.134379
189.821747 210.445069
198.636827 208.032345
142.107702 168.685389
149.415558 161.998226
158.328398 162.833176
164.444573 168.542412
158.147768 170.950301
150.047287 170.948224
202.456328 167.961010
210.191817 162.163106
220.714565 162.679151
229.203015 168.127337
221.179381 171.081847
212.210880 170.265421
155.439084 229.906211
161.419843 224.015934
171.538361 221.328503
181.024370 222.096332
193.368443 221.190872
205.523459 222.689859
216.600931 227.926412
206.736665 238.357012
194.756457 245.658357
183.175541 247.788759
171.149131 246.700447
161.473198 241.093364
168.272503 228.853496
181.995308 228.902298
198.119766 228.265842
198.014029 234.574489
182.252118 235.927255
167.645357 235.078715
