77 296 50 340
61
164.174004 100.088608
202.435637 101.612989
245.763044 147.762624
246.453395 167.420587
246.473395 211.800494
246.910565 229.152085
202.892909 289.831032
164.625031 290.623401
130.889041 229.411088
126.028240 212.079271
127.132105 167.699242
129.178098 148.022747
131.971753 152.230781
138.459990 150.462534
145.953684 149.552623
154.112373 149.489423
161.450880 150.883414
201.112764 148.851135
209.474784 147.252430
217.767233 146.274103
226.006268 146.537556
233.936448 149.344147
182.460818 165.610521
180.632432 177.136348
178.197312 189.831832
177.328458 201.162505
166.479363 211.451966
171.984554 213.465397
180.300807 215.236664
188.109989 214.542283
195.113138 212.495627
142.216328 167.524370
148.799352 160.860554
157.954061 161.442528
164.349415 167.539381
157.633687 170.406603
149.507062 170.390240
202.611928 167.842630
209.066714 161.009373
219.333614 161.323240
226.457817 167.408665
219.334109 170.634568
210.844918 171.048143
152.359284 229.637933
160.858419 224.598411
171.115630 222.442433
181.540136 222.969186
193.240864 222.560189
204.162355 224.673976
216.251371 228.967428
205.804055 236.811680
194.143979 243.445453
182.150618 245.693397
170.021891 244.325074
159.243519 238.277102
166.943866 229.101533
181.543214 229.625449
198.128518 229.475793
198.994948 237.708710
181.755938 238.618190
166.367524 236.491480
