80 307 53 337
61
165.266705 102.991575
204.051386 102.193473
253.707280 147.312017
256.800429 168.561809
254.393621 209.972428
251.611325 228.895163
204.508658 286.789396
165.717732 288.491808
135.435029 229.154166
129.385381 210.251205
129.519500 168.840464
132.159726 147.572140
134.464735 149.641148
140.117648 147.438926
146.676517 147.669023
152.843252 148.830635
159.664793 150.622059
205.306923 148.881556
213.946044 147.485660
223.049252 147.256449
232.150220 148.273797
239.946257 152.737219
180.957204 168.868051
177.715552 178.366398
175.130842 189.375599
173.160315 198.579921
167.902754 210.901607
172.641476 212.543209
178.365407 212.802026
183.921027 211.909169
191.283292 209.389877
144.242042 167.897587
149.421017 161.534745
158.062218 163.631544
165.442116 168.939442
157.294591 170.152003
149.078294 169.663344
204.227677 169.282293
210.589704 162.326161
220.961071 163.163521
228.778414 168.760732
220.895259 170.760497
212.180499 170.671728
156.864973 228.179630
163.100283 223.488403
171.234786 222.686379
179.303810 223.951296
190.064812 223.436843
201.471121 224.895028
213.223448 229.911833
202.701061 237.575118
190.986326 242.873181
179.921427 244.463998
168.915001 243.530418
160.112803 237.518420
168.583254 228.425160
179.531032 229.096312
193.795838 229.650653
193.839537 238.347859
179.155018 237.996670
166.759044 236.353498
