82 303 45 333
61
164.807843 95.133971
201.374212 96.102277
250.638109 148.782788
253.491048 167.132174
251.756266 208.312377
248.623066 228.739848
201.831484 282.614890
165.258870 283.614466
134.212341 228.998851
131.856158 208.591154
131.507016 167.410829
135.336435 149.042911
132.453105 151.626695
139.081473 149.240394
146.968786 148.824160
154.520347 149.476226
161.376998 151.134297
202.683647 149.726879
212.383786 148.352827
222.071761 149.042889
232.152136 151.019458
240.614470 155.463802
180.690939 168.537758
178.483693 178.934527
176.536786 189.118011
174.831431 198.962913
168.276451 207.956696
174.060490 209.886677
178.429891 210.344462
184.505350 210.540309
191.308601 209.014658
144.396521 167.033095
149.379139 161.941842
158.664450 162.771863
164.983254 167.399463
157.619649 168.794132
149.991422 168.855896
201.550503 168.005936
207.263520 162.281164
217.312306 162.381638
224.770372 166.723157
218.553173 168.820663
209.989075 169.023267
156.284316 229.954772
163.074942 222.762012
172.713097 221.257373
181.676850 221.317391
192.741322 220.821991
203.505850 222.157718
212.897799 227.826085
203.446885 235.677752
193.668975 242.334364
182.591565 245.308666
171.301069 244.324585
161.141194 240.036482
169.381957 226.294071
181.960988 226.767783
197.474709 226.225774
197.350776 235.352963
181.729340 236.739370
167.654255 235.550902
