82 295 43 323
61
164.257747 93.448978
202.370138 92.800080
244.544612 147.732573
244.677825 167.951203
248.074009 201.073332
248.252416 215.107487
202.827410 273.417562
164.708774 271.492847
127.774058 215.366490
125.672835 201.352109
132.114884 168.229858
136.560850 147.992696
131.704694 152.582502
138.274909 150.171493
144.755301 149.261516
152.469034 149.390769
160.131342 149.761786
203.147931 147.346208
213.129859 146.352678
222.309954 146.505141
231.638099 147.519285
239.394358 152.210048
181.140160 163.870212
179.136505 174.109627
177.202376 184.594646
176.096065 194.620035
164.731940 201.156458
171.486128 202.178836
178.021119 204.362565
186.151934 201.823752
193.614471 201.336837
142.500018 168.316565
149.227175 162.777845
157.510529 163.105016
164.433158 168.083302
157.624437 169.813066
149.701530 170.040238
202.546429 168.317026
209.491030 161.863817
219.378666 162.517396
227.971911 167.720727
219.315135 169.859050
210.986051 169.860636
152.871224 215.516119
158.855770 208.481120
169.198124 206.994957
178.666114 208.348095
189.896843 207.134836
200.407696 207.855964
210.121383 215.000074
200.144057 217.647903
189.254634 221.411425
178.589709 222.145547
168.195680 222.274416
157.991319 219.855062
166.647751 213.448109
178.651757 214.665701
192.315657 213.688279
192.090356 216.261447
178.842730 214.848374
165.558823 215.686939
