82 304 48 337
61
165.940224 98.013738
202.611692 94.979033
249.918355 146.437469
253.582169 167.602731
249.204966 212.948830
244.781010 232.333048
203.068964 286.958564
166.391251 290.137749
136.034757 232.592051
129.671324 213.227607
131.707575 167.881386
137.045719 146.697592
132.983521 148.472727
140.777752 146.702696
148.607778 146.235352
157.096526 146.712004
164.657948 148.647273
196.634552 150.336639
206.369768 147.709913
216.557548 146.941075
226.895665 148.560542
236.884788 152.189006
179.898752 165.374799
178.356273 177.270352
176.639039 188.814427
175.468013 199.919992
166.781571 213.721408
174.534686 216.047270
179.618162 217.266002
186.302602 215.771119
192.866344 212.522859
140.851391 166.934433
149.394413 161.237930
158.925460 162.567445
166.115635 167.470554
158.397987 170.984978
149.735200 170.345828
202.787983 168.652767
209.171497 162.452597
219.163924 162.205672
228.165511 167.985914
220.255163 171.404487
211.842300 171.166652
154.623166 232.549838
161.479508 226.465729
171.797272 224.389761
180.610214 224.800131
191.836537 224.235070
202.437228 226.290281
212.407396 232.417432
202.634695 239.161893
192.573861 245.816563
181.041996 248.475900
169.800683 246.525949
160.289759 240.165005
167.998567 229.851878
181.383457 229.880660
195.813166 230.035915
195.800657 238.081716
180.554748 238.832595
166.775456 237.620738
