84 302 48 327
61
163.721740 97.983660
203.852197 96.558019
249.001102 148.920035
252.452652 168.096528
244.689847 211.280533
240.707145 224.113282
204.309469 277.166876
164.172767 283.946004
133.551126 224.372285
131.803494 211.559310
134.435973 168.375183
135.157643 149.180158
132.955441 151.912697
140.617311 149.058183
148.904104 148.668967
157.536543 150.308522
165.792282 153.757865
200.290117 150.805386
209.881107 149.000891
219.032848 149.472660
228.251744 150.109994
236.214863 152.545844
181.758804 162.203740
179.152342 175.006220
176.366163 187.672551
174.667582 199.634697
164.714510 212.244096
172.312879 214.557650
178.873557 216.036515
184.248964 214.121947
192.246993 210.663516
142.812323 168.269119
149.095832 162.825148
157.244240 163.553370
163.897151 167.869943
157.449279 170.432055
150.316367 170.968485
204.028488 167.600077
210.302611 163.878037
219.218405 164.531389
226.664068 169.279773
219.975856 170.676246
212.463754 170.335915
154.173864 224.231397
161.302450 221.240398
170.716731 221.333639
178.734439 221.299002
189.314985 221.751936
199.169489 220.712972
210.558767 224.296333
201.034359 236.341544
191.034238 243.543135
179.523143 246.131229
168.306528 244.611382
159.250654 237.027244
166.279355 225.587385
179.014426 225.601816
194.143254 224.920485
194.343534 235.974180
178.875951 237.502359
164.913700 236.247651
