89 307 49 324
61
164.017845 98.689337
202.210792 97.099685
250.777611 146.257958
256.604034 166.416450
257.428261 208.170996
251.365393 228.859149
202.668064 274.222789
164.468872 268.997815
145.377319 229.118152
137.867272 208.449773
138.558494 166.695105
137.833310 146.518081
137.558379 147.355726
142.854815 146.822753
148.855623 147.587876
154.489493 148.067175
159.718619 151.182066
197.386774 148.401323
208.053367 145.768547
218.039617 145.229535
228.743839 146.173742
237.848134 152.822340
179.640259 164.772397
177.325696 176.941143
174.758353 189.899408
172.475537 202.033311
162.736219 209.289289
169.718513 213.274128
178.978081 214.716927
187.211801 211.888431
195.592693 207.399369
143.626265 167.125990
149.849397 163.703910
157.241622 163.456556
164.193256 165.911181
157.667070 167.775164
150.592244 167.946650
202.387083 165.336444
210.031575 163.014243
218.915032 164.340633
228.830553 167.924995
218.952399 168.609262
211.168250 167.966640
153.120115 228.698258
159.570499 223.175654
169.049173 220.761669
178.135638 221.384942
190.848382 220.957162
203.391774 222.924568
214.610013 229.321228
204.431211 233.474742
193.149603 238.476023
181.520347 240.777436
170.224307 239.312642
161.323471 233.838636
164.874250 225.952329
179.484178 227.214491
197.074552 226.159252
198.294359 231.886838
180.969491 233.266634
165.218645 231.103934
