79 294 42 328
61
165.235660 92.202178
202.681931 90.645074
240.096526 148.031402
243.836567 168.063137
244.600795 209.007924
245.536990 229.461701
203.139203 278.002165
165.686687 282.029030
134.321705 229.720704
129.063718 209.286701
128.676526 168.341792
129.130787 148.291525
131.834566 150.669937
139.080687 149.537169
146.470406 149.157522
153.755552 149.492678
161.120039 149.710923
205.607240 147.381369
214.274785 146.607364
222.614633 147.206824
230.309024 149.221420
235.802388 153.688093
180.959973 167.467407
179.780826 178.251830
178.574462 189.115578
177.896062 199.122012
168.724134 209.094281
175.332834 211.533879
181.791832 212.852395
187.896213 211.835734
195.255907 209.268244
142.802978 167.569548
150.084706 161.494250
158.865173 162.498581
165.411071 168.578127
158.066929 170.070390
150.202343 170.152836
202.858222 168.700000
209.822134 161.667175
219.719855 162.061514
228.028911 168.037723
219.636760 170.132522
211.652272 170.149900
158.278880 230.391838
163.671526 223.864623
173.194441 222.876493
182.450364 224.372356
192.894831 223.259695
203.217740 224.751021
212.170243 228.832682
203.514606 235.594795
193.910756 241.485415
183.261393 244.071485
172.390167 242.751746
162.477952 238.314927
170.480774 228.910861
182.417534 230.174136
195.829497 229.659396
197.044248 234.283285
182.969869 235.265844
169.035350 233.382876
