83 296 57 328
61
165.125672 107.082250
203.398325 104.060563
241.003270 147.587026
246.478781 167.971229
245.024986 210.787481
244.378324 229.307376
203.855597 277.896991
165.576699 279.754517
136.441867 229.566379
130.753408 211.066258
133.303372 168.249884
136.531224 147.847149
135.909170 151.141248
143.112730 150.476290
150.272629 149.213552
157.629475 149.339184
163.559256 151.589735
200.063591 149.105061
208.882368 146.571238
217.004291 146.262040
225.728732 146.727010
234.474734 148.765556
181.858209 164.276678
179.370383 176.146770
177.158108 187.344319
175.084873 198.212941
165.177414 211.422180
170.847198 213.594857
177.666988 213.318729
185.358246 213.276691
193.095721 210.499403
141.915754 167.985193
149.682002 161.197225
158.436705 162.169067
165.301083 167.766197
158.098276 171.730342
150.080181 171.406677
203.574616 168.717842
209.513265 161.974109
220.177032 162.333758
228.884651 168.048529
220.438489 171.753838
212.144712 171.439743
153.189563 229.873223
158.840732 222.471109
169.029592 219.594308
177.915590 219.751881
190.422264 220.095203
201.894236 222.453610
212.678132 229.042709
202.332180 235.672857
191.243568 241.189050
179.409832 244.016577
168.227031 242.553937
158.039017 237.373491
165.169389 226.535226
178.359634 226.380736
194.803080 226.336379
194.597129 233.760143
178.845070 235.381743
164.969364 234.721756
