89 303 46 343
61
166.166962 95.600097
202.389762 95.949824
250.087113 144.247868
253.232121 167.012502
250.992470 216.382273
244.183512 241.628088
202.847034 292.922709
166.617989 290.824406
143.942583 241.887091
136.706108 216.661050
139.280744 167.291157
139.475392 144.507991
135.546669 141.136247
144.451723 142.678696
152.081742 145.474377
159.051390 146.701702
165.265370 147.842155
194.875068 145.266803
205.313766 143.416069
216.262479 143.322865
227.326644 143.729277
237.899217 148.659581
178.230308 163.326022
174.579905 177.951993
170.657211 191.775254
167.534659 204.815716
166.844936 215.813175
169.932245 216.951247
172.996954 217.289484
176.639537 216.888481
182.878793 217.297934
141.521211 166.096749
148.753803 160.920955
158.005938 161.423478
166.342373 168.096635
158.105471 170.357225
149.426783 170.195992
202.566053 167.152678
209.212573 160.018837
220.493723 160.758073
227.101350 167.336666
220.563421 170.597315
211.678450 170.487870
157.197306 242.601952
161.098769 234.205132
167.391495 230.525901
174.448421 230.150569
183.795199 230.583418
192.373900 234.391628
201.574677 240.955427
190.045343 244.351572
181.797057 247.261612
174.185139 248.387982
167.832302 247.925400
161.928693 246.131278
165.744387 238.145411
173.961908 237.055874
186.387721 237.886418
184.907855 240.086992
173.742349 239.443065
165.415910 239.259140
