90 304 44 333
61
165.501234 94.497261
202.772785 92.278375
251.265629 145.383334
253.988311 166.471808
252.005388 211.319235
245.372601 239.951343
203.230057 283.258514
165.952261 287.052103
140.941765 240.210346
136.414015 211.598012
139.627860 166.750463
139.796796 145.643457
137.454235 144.435318
143.806360 143.335136
150.669137 145.376820
157.182698 148.108376
163.211848 150.966023
200.997424 147.561221
211.607518 146.039692
222.039074 145.691368
231.548727 147.270810
241.414631 151.609937
177.285653 165.552983
172.798809 176.810483
168.220346 188.409680
164.211270 199.714543
159.274340 211.595181
164.923281 214.793688
171.841708 214.801017
179.245362 214.121226
188.595609 211.389876
143.837212 166.156814
150.041721 161.784027
158.297339 162.984585
165.676645 167.316380
158.542480 170.759691
150.766266 170.157173
202.949076 165.806906
209.503900 160.560584
219.260166 161.780720
227.674413 167.240071
219.574407 170.582880
210.873661 169.703411
158.044099 240.570568
160.062034 233.087437
165.661336 229.655452
171.127261 230.453125
180.766331 230.266775
190.111927 233.711401
199.972345 239.633303
188.622083 241.232004
179.742209 243.114299
171.878243 244.087021
166.269600 244.615054
160.588657 243.738131
165.861196 237.192583
171.607207 237.173580
183.587920 237.261554
182.252136 237.396325
171.672690 236.569136
166.010535 236.963996
