85 301 44 335
61
165.846955 93.903448
200.969986 93.337821
246.962341 144.940430
251.292781 167.279814
246.495659 213.522581
238.089418 244.692354
201.427258 285.178563
166.297982 293.496254
140.300709 244.951357
132.743459 213.801358
135.250371 167.558469
137.200837 145.200553
135.360874 141.113818
143.200299 142.989626
149.727018 146.126627
156.430742 148.787724
162.531782 152.069520
200.937882 148.015113
210.698917 145.799229
219.766683 144.055814
229.322894 143.396522
238.200286 145.581879
178.444811 162.104043
174.405420 174.979073
169.832034 187.649497
166.179465 199.609285
157.574278 212.841823
162.715176 216.374962
169.264477 216.433375
178.500327 217.026450
189.427304 214.550018
141.549227 166.690947
150.188674 160.353798
158.946289 162.090100
166.022366 168.286770
158.601335 171.566786
150.294499 170.927366
201.146277 167.621885
208.121027 160.094340
218.743335 160.602590
227.841269 167.152577
218.544706 171.310981
210.024544 170.921844
150.271733 245.551783
153.758971 236.719576
160.576589 233.003825
167.610086 233.808752
178.194347 233.642909
188.121248 237.367635
196.478526 244.134090
185.656502 244.690556
176.358528 247.288049
167.592164 248.334417
161.578914 248.052655
155.160361 246.733056
160.093420 240.463211
167.857762 240.272751
181.127850 240.649001
180.130711 240.832352
167.721048 240.941481
159.657029 240.793222
