96 313 47 334
61
164.219668 96.973095
202.375307 93.431274
261.275200 140.855745
263.228483 166.905098
256.335005 217.091893
244.967357 242.987362
202.832579 284.024506
164.670695 287.302592
152.246129 243.246365
147.259656 217.370670
145.679535 167.183753
144.709517 141.115868
129.472562 138.830135
135.475735 138.395383
142.407083 142.031345
148.701995 145.212413
154.201867 148.302335
198.144471 146.922252
210.242672 142.854905
222.949054 139.981614
235.678060 138.926243
246.539032 144.023958
174.727894 164.569703
169.737590 175.453486
164.461716 186.626920
159.897119 198.389936
158.659730 215.602432
161.516734 215.536022
166.450790 217.143414
174.299519 217.747207
184.911147 218.928060
144.131864 165.501600
149.446350 160.349910
158.549097 161.922630
164.395079 168.155837
157.904962 173.113432
149.499828 172.193443
202.551598 167.789116
209.199559 161.183847
220.044329 161.466790
229.371091 166.806803
221.011798 172.428613
210.690714 172.187127
152.232402 243.079669
153.015500 236.813573
158.125984 233.546911
164.157302 234.592566
175.733362 234.741018
186.495320 238.401891
198.877677 243.196253
187.396581 247.602234
176.635170 252.463144
165.312496 254.371142
158.817865 252.956452
153.260048 249.635195
158.210422 241.563321
164.922617 241.688488
178.482375 242.267790
177.652071 243.839456
164.892950 242.237340
157.550305 243.124546
