90 307 50 323
61
165.441680 100.211801
200.519340 98.300418
253.104749 143.067399
257.417858 167.047961
252.462843 211.231074
243.155360 239.374164
200.976612 272.520563
165.892707 277.701850
141.469205 239.633167
137.505179 211.509851
140.434177 167.326616
142.806811 143.327522
133.536491 140.918830
140.171092 141.129474
148.003456 144.641725
155.130831 147.762452
160.829339 150.099052
193.042623 148.061218
204.603799 144.321933
215.209938 141.794538
227.448858 139.913855
238.404368 143.934183
175.520855 164.512596
171.862631 174.125550
168.462870 183.862003
165.041290 193.411117
160.755337 210.177323
166.670406 210.747214
170.709941 211.250410
176.716505 211.915303
185.456651 212.631415
143.402788 166.822677
149.253045 161.117122
158.390154 161.263176
165.617091 167.312225
158.498809 169.734840
150.213435 169.894297
200.695631 167.068987
207.886694 160.966372
218.654628 161.527749
226.555810 167.620830
218.790877 170.260191
209.799395 169.527013
155.234745 238.873978
157.165778 233.327689
163.135906 229.455894
169.485592 231.015549
179.943154 231.073293
190.222516 235.003610
200.538159 240.175551
189.508075 241.052095
180.123592 241.371482
171.995903 241.196931
166.273739 240.995790
160.000151 241.032816
162.119035 236.391038
169.995168 236.104321
182.877464 237.590080
183.208491 234.368048
170.979316 232.664780
163.156443 232.732043
