88 317 47 343
61
164.498810 96.967877
201.557797 94.589995
259.315503 142.233974
267.376632 167.101360
265.519039 212.257153
257.583250 242.598165
202.015069 293.116923
164.949837 293.627431
140.885681 242.857168
135.103611 212.535930
138.059655 167.380015
139.159593 142.494097
132.942481 143.887410
137.384137 143.224833
142.334566 143.850982
148.730206 145.306796
154.610110 147.315687
196.941457 144.797013
209.744053 142.035459
222.521519 140.918529
234.559533 143.896977
244.882539 151.165632
174.588124 167.232314
170.865350 176.793207
166.080369 186.236588
161.425630 196.364549
156.603812 210.875866
161.477633 211.806075
168.229322 212.336573
177.313024 213.129768
188.692163 213.985136
144.635859 166.405596
149.238817 161.773802
157.924619 162.243177
164.674221 167.695926
158.074294 170.977077
150.233362 170.399279
201.734088 167.532536
209.221131 161.597724
219.477428 161.934133
229.190538 167.404287
219.776931 171.288319
210.718779 171.159087
155.798390 242.925255
157.811312 236.259493
162.962214 232.991986
168.376461 234.365904
177.548617 233.475099
186.987552 237.231174
195.390938 242.572264
186.862784 245.703915
177.625792 249.687107
168.840895 250.729630
162.876328 250.517347
157.929791 247.453149
162.884132 239.915233
168.386284 239.566357
179.986031 240.620115
180.154127 242.536210
168.409328 242.510337
161.739167 242.238678
