88 310 45 335
61
164.095679 94.728451
202.818152 94.108692
256.142013 144.514870
260.174991 166.349936
258.406368 213.300564
251.378472 242.385767
203.275424 284.739879
164.546706 280.860994
149.703941 242.644770
141.589843 213.579341
137.720551 166.628591
138.612537 144.774993
136.205604 144.950068
143.371318 143.719719
150.805935 145.309020
157.583414 147.668428
164.503976 150.146948
195.280002 147.043301
206.665262 145.015568
218.557971 144.022215
230.326654 145.764740
240.341966 151.285098
178.489383 159.697681
175.402705 172.865969
171.623634 185.838800
168.674483 197.763652
163.012910 212.049174
166.608796 214.749794
171.922877 216.272843
180.868382 216.219616
190.844633 214.898582
141.419073 166.840966
148.463179 161.032716
157.443570 162.305582
164.271090 166.259766
157.616995 170.313123
149.334273 170.033437
202.994443 165.875521
210.262474 160.656310
220.190677 161.563199
228.942258 167.056249
220.525405 171.159492
211.226231 170.134769
159.617534 241.075785
162.466159 232.279626
167.762543 228.394578
172.847415 230.032218
183.342655 230.686901
191.707564 235.646227
200.705696 243.996862
190.602857 244.915640
181.767370 247.780296
173.895686 248.321840
168.211888 246.567004
162.677727 244.131423
168.070090 236.647754
173.555634 236.648087
183.859361 239.165934
182.144458 238.731645
172.742080 237.421073
168.142678 236.970384
