93 312 53 338
61
165.112861 102.937623
201.989693 98.902065
257.299745 142.872967
262.495345 166.939205
257.854093 210.940912
249.334963 238.474299
202.446965 287.695561
165.563888 290.744294
141.663333 238.733302
138.208561 211.219689
142.997907 167.217860
145.456991 143.133090
132.774265 145.289188
138.213366 141.956989
145.289290 142.228515
152.080569 144.283431
158.565788 148.080190
202.456381 145.863872
214.035757 144.080016
225.243908 143.818898
235.567579 146.038550
244.339859 151.986999
177.939810 162.785780
173.901695 173.809946
169.530894 183.753057
166.186460 194.350433
163.143314 212.420569
167.055285 212.168172
172.168968 211.405681
178.521166 211.118368
189.053338 209.807881
141.728427 166.464182
149.081546 160.774394
157.968863 161.660841
165.288272 166.911448
157.666760 171.259365
149.508884 170.789974
202.165984 166.841825
208.963925 160.247118
219.490011 161.623263
229.510207 168.172158
219.560065 172.010108
210.686534 171.326067
156.713708 238.587929
159.444928 230.854553
165.973020 226.612962
171.519723 227.275121
182.510348 227.171742
193.358520 230.858919
203.813177 238.661835
192.523245 242.498827
182.778524 246.770648
172.985335 248.143298
166.116932 247.450672
159.991154 245.178725
165.203046 233.438293
171.807414 233.375922
185.174999 234.315577
185.065310 240.287652
171.533620 239.197108
164.065530 238.918903
