98 314 51 342
61
165.098063 100.678967
202.989381 101.713865
258.227034 143.913448
263.797092 166.900988
262.605704 212.377769
253.750616 239.920441
203.446653 291.652426
165.549090 285.464443
152.848191 240.179444
147.670210 212.656546
148.225745 167.179643
148.745609 144.173571
136.466546 146.990825
141.022763 144.976234
146.818978 146.374473
152.535640 147.744515
157.500177 150.354750
196.881914 144.298678
209.060812 141.539905
220.470487 141.753968
233.365308 142.702323
243.326158 148.193906
172.411573 167.557828
167.994588 179.295747
162.677204 191.234421
158.342122 203.159961
160.676009 211.925064
163.776659 215.270008
167.339588 216.680245
175.012503 215.579231
184.001362 213.177148
143.972635 167.364935
149.186892 162.809932
157.532813 163.662287
165.273474 167.642816
158.230822 170.644751
150.277353 170.692002
203.165672 166.770998
209.530960 161.466496
219.017390 161.583148
228.720271 166.458061
220.382741 170.712912
211.848551 170.010681
167.145308 241.079808
164.789064 229.808590
168.179150 222.980033
173.177768 221.565078
184.419193 222.191506
192.380307 229.484690
198.336547 239.062276
191.332063 245.489908
183.442359 251.487649
174.360570 253.755465
169.548517 252.765449
166.208917 248.492571
168.668162 231.883051
173.873295 230.108530
185.398758 232.228871
183.295785 240.720150
173.038046 241.719426
168.979800 240.692242
