89 313 41 331
61
164.998781 91.151059
202.096375 89.786740
258.644883 146.216668
262.733812 167.262315
259.186869 212.772594
246.395600 241.069753
202.553647 281.252910
165.449808 287.462393
141.035966 241.328756
136.901374 213.051371
139.141440 167.540970
139.833252 146.476791
136.642447 143.047982
143.554317 143.717797
149.517035 146.756085
155.986491 149.183102
161.532628 152.690317
198.950502 150.632218
208.932242 147.673465
219.170674 145.978754
230.038193 145.969758
239.639107 148.898413
177.906572 162.736267
174.045905 175.063308
169.794111 187.009218
165.863956 198.733056
161.686058 212.352493
165.818921 214.718473
170.220424 216.119882
178.187926 215.286397
187.881770 213.539445
143.643737 165.967687
149.520647 161.069880
158.295943 163.001436
165.174192 167.723729
157.659815 170.772695
149.529813 170.838539
202.272666 168.266226
208.716258 161.525990
219.734534 161.902357
228.922401 167.724497
219.879945 171.918396
210.255813 171.736096
156.082267 240.358509
157.211750 233.334682
162.442433 230.244867
168.370591 231.292361
178.901561 230.464954
188.890635 234.870617
196.723251 242.082124
187.323585 243.210781
177.365070 245.206570
169.399670 245.495781
163.470143 244.945518
158.138193 243.430523
162.546742 237.959665
168.538788 238.218812
180.769847 238.988101
180.619145 238.732274
168.729101 237.390263
162.408169 236.908197
