105 318 51 333
61
165.625126 101.157908
203.050982 96.322249
259.533333 145.016334
268.055137 168.255409
265.501782 213.835757
255.671669 245.245278
203.508254 283.297612
166.076153 283.915849
154.421833 245.504281
151.104934 214.114534
155.142676 168.534064
157.220787 145.276457
138.730755 147.154041
143.142878 145.748417
148.619538 147.381271
153.198395 148.699878
158.208835 149.716130
193.428907 146.767887
205.682581 143.617011
217.977901 142.952925
230.653378 144.955333
242.706238 151.414304
172.735797 165.495459
167.670873 176.937147
161.763641 188.535196
156.910297 200.269559
158.042468 213.361733
162.297883 217.202047
165.179228 217.919913
172.876027 217.882927
185.549841 214.656358
143.397901 167.712104
149.431272 161.627431
157.923648 162.311868
165.800537 169.099696
157.919670 171.587034
150.067992 171.398621
203.227273 169.442132
209.877088 162.134148
220.509911 162.119085
230.031643 167.400570
220.996860 172.765342
211.945776 172.366653
156.094971 243.386742
157.017916 238.115871
161.386347 233.587013
167.121681 233.079466
179.108277 234.647522
189.359578 240.835879
199.264680 247.404911
187.316725 250.261574
176.711315 252.507545
166.906104 253.180185
161.248645 251.932804
156.259091 247.990229
160.995870 240.222115
167.763016 240.341321
182.192222 242.012315
180.018217 244.901055
166.924294 242.957791
160.463649 242.958429
