89 311 43 339
61
167.620514 93.073272
200.430530 88.762094
255.865268 143.200410
260.966965 167.599704
256.419157 217.430023
248.955068 242.559987
200.887802 289.122659
168.071541 297.848619
140.371862 242.818990
135.528774 217.708800
139.420354 167.878359
141.478778 143.460533
135.648040 143.241873
141.098427 142.383201
145.622819 143.666642
151.648974 145.716226
156.345409 148.343592
201.979178 146.876135
211.812761 144.396801
222.148327 143.035678
231.982451 143.843084
241.030283 146.935662
176.218112 165.224949
171.410719 178.389461
166.409062 191.633339
161.579414 203.533436
156.129867 218.174417
160.711975 220.035316
169.449862 219.375365
176.637921 219.380718
186.002938 217.032345
139.563738 167.463892
148.421815 159.952527
159.145366 161.340506
167.795925 168.776162
159.101662 172.972401
148.838254 172.051738
200.606821 167.573404
208.219621 159.748655
220.433937 160.372920
230.257373 167.218204
221.167202 172.570458
210.428825 171.636180
153.440659 242.138830
154.728789 234.202834
160.868764 230.412703
167.172846 231.101872
179.104361 232.435167
189.198517 236.539719
198.760941 243.282239
189.226572 248.664563
179.634068 252.540806
169.765301 253.832003
162.160511 252.923287
155.696448 249.323810
159.892069 237.028991
168.562425 237.813539
182.349682 239.285723
181.807064 243.026718
169.098761 242.170397
160.102082 241.048946
