93 303 46 318
61
164.386435 96.350257
202.307651 92.411838
249.360495 144.903255
253.305740 165.939044
246.753315 209.953115
234.312341 237.968389
202.764923 268.177561
164.837462 273.147117
143.883697 238.227392
140.104405 210.231892
143.043456 166.217699
145.129440 145.163378
135.545860 143.615825
140.861751 144.443223
146.180567 145.137813
151.960510 147.302148
156.814243 149.265250
201.763061 147.430064
211.791745 145.398814
221.245061 144.970197
231.311522 145.327638
239.759237 147.870205
175.470081 162.385100
171.653653 174.919196
167.381273 187.264973
163.334543 199.156160
158.499783 209.074353
163.361262 212.094857
169.230252 214.983487
176.890948 212.858159
187.085258 211.178544
142.942480 166.107872
149.341994 162.535020
157.448480 162.298637
164.561846 165.243459
158.168408 169.527528
150.056658 169.356402
202.483942 165.963677
209.704600 161.937936
220.117479 162.741739
226.805503 167.074040
220.329457 170.680262
210.886128 170.346302
157.433099 238.725751
158.587362 232.508745
163.053509 228.908924
168.339488 230.370264
178.814514 229.834902
188.469478 232.959175
195.984995 237.512155
186.847986 240.002923
178.079501 241.547293
171.163526 241.517590
165.946709 241.237476
160.310366 240.453173
164.579980 236.561066
169.648329 236.499816
180.797837 236.802126
179.319229 234.529112
169.778118 231.857983
165.208729 233.416003
