91 306 51 338
61
167.374136 101.026982
201.702103 98.285395
252.619465 146.288886
256.079825 167.332282
251.803731 216.482659
242.978257 246.501360
202.159375 288.217710
167.825163 294.247500
142.709974 246.760363
137.823935 216.761436
141.171929 167.610937
142.903450 146.549009
133.788992 147.558604
140.814893 146.522682
148.379626 147.905569
156.000653 149.874247
163.143615 152.841716
197.140867 147.617065
208.451754 145.351460
220.227845 144.973647
231.617959 146.486413
241.460213 152.271016
178.221049 160.697315
174.241250 173.679418
169.561877 187.028692
166.078191 200.391207
159.688015 216.403258
165.918715 219.866705
173.779294 218.969913
181.620914 218.694987
191.418987 216.908739
140.466663 166.808625
148.668320 160.646043
159.224178 162.216268
167.549547 168.745458
158.323057 173.267699
148.273219 172.138735
201.878394 166.722895
209.434964 160.684321
221.289629 161.449560
230.885597 167.684834
221.922507 171.861182
211.291170 171.434201
155.960731 246.604266
159.007898 239.226683
164.870578 233.984609
170.556022 234.865346
180.659847 234.299256
190.802332 238.756974
202.837807 246.699650
190.702759 248.707261
181.044856 252.518806
172.547664 253.565152
165.935322 253.225872
159.923395 250.966345
163.655973 242.438339
172.285054 241.591874
185.094184 242.534846
184.150258 244.624769
172.529083 243.965269
163.650143 243.491465
