91 305 44 337
61
165.619200 94.130414
201.879243 91.523148
251.837724 143.598869
255.152772 167.209754
249.106937 215.826180
242.151904 242.000226
202.336515 286.835799
166.070227 291.930229
142.484908 242.259229
137.837548 216.104957
141.166685 167.488409
146.206854 143.858992
133.031181 144.745641
139.072560 144.017551
146.187632 144.713975
153.506315 146.535804
159.335832 149.325064
201.308849 147.624710
211.719329 144.224156
222.398740 142.785280
232.786722 144.454490
241.324840 150.032416
176.565834 164.650998
172.437185 177.721457
167.501556 190.221501
163.353327 201.776569
158.948644 217.162204
162.622019 217.980412
169.182712 219.353514
176.404476 217.723761
185.750102 214.836780
140.617844 168.015357
147.833012 160.887455
157.669583 161.687394
165.794611 166.401983
158.431922 171.844450
149.834945 172.032588
202.055534 167.014808
208.972980 160.411678
219.905074 160.802461
228.726628 168.040025
220.347555 172.768590
210.585848 171.917532
155.628602 242.520657
158.631870 236.033198
163.816477 231.893266
169.597700 233.072160
179.158390 232.621205
187.978339 236.206996
198.653328 241.781009
186.564314 243.327415
177.787736 246.467597
169.680858 248.056438
163.804849 247.628966
158.660672 245.671938
163.895328 240.010250
169.725231 239.595385
180.755135 240.297665
179.056550 239.128359
169.675256 238.921689
163.840676 238.956641
