83 307 47 337
61
166.152401 97.396588
203.561216 94.627398
252.496757 143.773595
256.798133 167.643644
253.190613 216.491942
243.311142 244.473749
204.018488 287.265819
166.603428 291.313496
141.125964 244.732752
133.092707 216.770719
132.635338 167.922299
135.822332 144.033718
133.673725 143.386044
143.458054 142.693363
151.658731 145.211804
159.444867 147.583196
166.720030 151.201536
198.918203 147.308729
210.107921 143.661410
221.812751 142.636855
233.345768 143.484418
244.487367 150.098118
179.992627 164.053433
177.392118 177.782645
173.957200 191.299476
172.079406 204.504230
168.051177 216.675078
170.964986 218.612187
173.954586 220.113556
178.890682 218.844852
185.273879 216.655425
141.773870 167.380629
148.752243 161.976428
158.414946 163.018559
166.327812 168.820139
158.448945 171.449152
149.069753 171.310049
203.737507 167.219258
209.459041 161.122514
220.742235 162.013799
229.609394 167.787410
221.491925 170.828936
212.760446 170.713465
159.152237 245.919910
162.745577 238.407252
169.712512 233.834977
176.155384 234.394897
185.541717 234.226091
194.319122 237.960011
202.610353 243.328730
192.710061 248.383492
183.847190 252.437726
175.051456 254.055548
168.828734 253.562198
162.280465 251.300978
167.472776 242.160672
176.811431 241.184166
188.493935 241.503203
186.509613 242.229821
174.788276 241.665913
166.403366 242.744891
