88 310 40 341
61
165.353573 89.789480
203.203399 88.706733
254.143923 140.689805
260.066673 167.317605
258.333119 209.386102
251.812298 241.345557
203.660671 291.493438
165.804600 289.791656
146.569275 241.604560
137.929401 209.664879
137.609475 167.596260
140.453465 140.949928
136.352059 140.639054
142.497353 140.820590
149.704110 142.433726
156.420782 143.905504
163.033096 144.965089
197.370268 142.557713
208.505705 140.763364
219.343630 139.247376
230.505248 138.602897
239.252578 143.340339
179.490506 162.762496
176.392778 174.627178
173.094466 185.439216
170.199213 195.550908
166.940472 209.403755
171.816103 210.567479
175.049130 209.855312
180.162104 211.317327
187.164621 209.715018
141.140894 167.406172
148.690338 161.257894
157.748845 161.961561
165.528984 167.470509
158.104200 172.143677
149.620521 172.199094
203.379690 167.330309
209.728029 160.438620
220.855719 161.289264
229.803665 167.696273
221.237502 172.965291
211.451933 171.765877
160.867102 240.814248
163.000297 231.971386
168.685807 227.193774
174.509632 228.442325
184.470600 227.904228
193.253287 232.505996
201.140098 242.178005
191.005194 245.947919
182.545061 248.783604
174.564236 249.874008
168.447059 249.054212
163.357529 246.471853
168.779892 236.068290
174.123464 235.189889
184.087618 237.357996
183.045990 240.547405
173.486455 239.019025
168.328629 239.246069
