90 308 44 342
61
166.240690 94.305742
201.701063 91.089729
254.703122 143.367859
258.447400 166.468069
259.854040 212.502520
254.231327 242.080687
202.158335 292.296529
166.691717 295.660026
141.244923 242.339690
138.881710 212.781297
139.567578 166.746724
141.302689 143.627982
132.832530 144.910551
140.388215 142.115606
147.078010 144.199528
154.087333 147.333302
159.326058 150.408878
200.284881 145.873817
211.050137 143.895307
222.293565 142.837687
233.125984 143.225322
242.592282 147.500315
177.221063 163.595610
173.958472 176.874399
170.445719 190.036353
167.025228 203.278854
161.233198 212.277475
167.189495 216.486649
173.465992 218.526337
181.469356 216.582868
189.773422 213.074209
139.603622 165.144102
148.572414 159.704135
158.311612 161.024599
166.416101 167.033820
157.928735 172.179326
148.248984 171.279310
201.877354 167.019262
209.355870 160.117171
220.750718 160.324207
230.552894 167.307884
221.346629 172.168693
211.306470 171.382274
157.183866 240.560186
160.102596 235.575729
166.285168 234.070355
172.487056 234.924820
182.338544 234.898763
192.751474 237.904819
201.977617 243.902349
193.572204 251.993757
184.207628 258.434789
174.343601 260.193365
165.413207 258.061819
158.475683 251.069525
165.065081 240.903814
173.341329 240.938227
185.994849 241.902238
185.393739 249.642527
173.263846 249.191983
165.058894 247.230407
