91 307 53 328
61
165.052852 103.087759
202.251404 101.198881
251.277875 145.254736
256.710329 166.426110
252.193271 215.736801
243.655863 242.265806
202.708676 277.911584
165.503879 289.481794
140.767150 242.524809
138.868474 216.015578
141.110257 166.704765
141.996991 145.514859
132.836016 146.944162
137.760353 146.016835
144.258168 146.369804
150.780194 148.355104
156.517186 149.877843
196.356326 147.929818
206.793613 145.908809
218.265722 144.441290
229.737614 144.641996
240.108129 148.683334
175.678081 164.031911
172.251030 175.397262
168.240051 186.913977
164.657292 198.803209
162.945112 214.371169
166.056971 216.029056
169.234071 216.268003
175.484829 218.169807
185.151491 217.449117
141.770505 166.924509
149.182043 161.388448
158.146468 161.840678
165.228263 166.051607
158.595309 171.905818
149.522264 171.863071
202.427695 166.561549
209.975748 160.646446
220.459539 161.609371
229.852169 166.799789
221.042137 172.393590
211.238665 171.817841
155.840205 242.555234
158.443168 235.039192
163.947732 230.729456
168.936785 231.600563
177.886643 231.230737
186.692480 235.211462
196.737245 242.277547
185.965774 244.866102
176.279838 247.142201
168.933144 248.686025
163.602084 247.899638
158.792188 245.555721
164.537577 237.585725
169.132807 236.875365
178.274902 237.924454
178.607894 238.750959
168.982998 238.977749
163.723500 238.352315
