94 308 40 333
61
165.898138 90.112328
200.052190 89.477622
252.640411 144.229986
258.037233 166.796029
256.282932 210.343977
248.278690 238.482673
200.509462 282.952156
166.349165 284.727385
150.608586 238.741676
145.077846 210.622754
143.816152 167.074684
141.915882 144.490109
132.775201 146.609859
137.309548 145.021124
142.684920 145.923855
149.164895 147.234284
155.150746 148.925895
198.871165 146.951932
209.998080 145.136201
220.270810 142.837576
231.116512 142.135329
240.200441 146.153886
175.745494 166.753506
171.885399 176.545132
167.975028 187.132172
164.450859 196.840289
156.555879 208.790988
161.486275 211.624353
169.592411 212.939100
179.748586 213.241840
190.490965 212.243632
140.688263 166.921108
148.778962 160.899855
158.131705 161.674905
166.073549 167.519673
158.252279 172.829967
148.611709 172.565584
200.228481 166.846734
208.443032 161.299023
219.480327 161.222699
229.411300 166.529373
220.465031 172.003625
210.512557 171.679401
157.606862 237.514856
159.020651 231.583558
165.027710 229.764379
170.803626 231.240019
180.771295 231.400381
190.614484 233.750785
199.394513 239.751675
189.320420 243.424638
179.611544 244.804870
172.077229 245.218929
166.467243 245.250555
160.466410 243.358993
166.091848 237.036061
171.930513 237.298351
182.797331 238.198368
182.491119 237.910478
172.214296 235.998413
166.409758 236.754296
