61 275 33 330
61
166.118506 83.483165
202.267790 86.985515
224.590311 148.435739
224.647942 166.731328
226.835474 213.686264
227.193941 231.217647
202.725062 280.163129
166.569533 279.235009
122.163153 231.476650
113.439722 213.965041
110.959087 167.009983
111.034550 148.695862
125.346444 154.703846
135.160508 150.689380
146.503970 149.048287
158.030499 149.194231
168.702941 150.156763
208.586981 150.872045
213.848148 149.650608
218.791836 148.124652
224.842655 146.005508
231.114825 147.049479
192.398741 168.850147
192.976387 179.862649
194.032176 191.835682
195.933200 203.460979
175.684381 213.437105
184.149747 215.292888
191.769925 216.446298
195.651485 216.343059
199.305505 214.282076
138.948500 167.235114
148.851814 163.054782
157.700754 162.742733
166.293917 166.600612
157.799575 169.584391
148.955556 169.384977
202.444081 167.171890
209.487720 163.076716
218.804175 163.093902
227.251700 166.550504
220.100040 170.065706
211.835380 169.575713
156.398038 232.991543
166.600722 226.768496
179.044079 225.148539
190.178453 225.315732
196.935158 224.448189
203.507780 224.794522
208.610911 229.744890
203.028304 234.416077
196.366295 238.759862
189.966003 240.370872
178.570170 240.280752
166.199691 238.125426
174.755851 230.383669
189.657207 229.680217
197.535627 229.068874
198.173916 230.463434
190.500792 229.261590
175.995037 231.736734
