53 276 47 329
61
165.110833 96.723565
201.938187 98.423043
225.312171 147.391072
226.021526 165.695016
224.028871 214.995410
223.209758 229.539117
202.395459 278.579014
165.561860 281.078139
113.921511 229.798120
105.614145 215.274187
102.965646 165.973671
103.179825 147.651195
127.681496 153.336139
137.386287 149.481927
147.685585 147.486735
158.405966 147.841602
168.053334 149.617674
205.915819 149.680312
212.222279 148.478402
217.474242 147.596934
223.755957 146.684084
229.758846 149.286343
191.581544 167.301753
193.587094 179.145471
195.579745 190.766536
197.861808 202.188400
178.339200 217.117082
186.093645 216.844275
193.631927 216.872263
197.708585 215.538628
200.492909 213.220339
140.040398 164.847889
149.451054 161.077622
158.965097 161.635549
165.286244 166.635881
158.329608 170.369292
148.806814 169.465802
202.114478 166.665891
209.913172 162.344705
219.234164 161.498344
225.957084 165.263117
220.740139 170.121583
211.610464 169.946182
156.940981 232.256735
167.746404 227.687293
179.486908 226.458025
189.961360 226.319258
196.582467 225.545802
203.146675 225.267892
209.156345 227.122659
203.338523 232.739569
195.885348 237.783178
188.823947 240.074386
177.169020 240.739821
164.903264 237.753172
175.468249 230.315555
188.966363 231.022080
197.462332 230.065288
197.965794 232.873499
188.923452 234.882801
174.140397 234.719911
