53 280 37 336
61
165.640646 86.561067
203.413474 90.056637
229.364894 147.486403
230.140370 167.056140
230.664703 210.242831
231.422337 230.327862
203.870746 285.635936
166.091673 280.572453
112.846342 230.586865
104.206721 210.521608
103.404098 167.334795
106.227793 147.746526
127.555128 153.474062
137.873740 150.406085
148.748916 148.984748
160.674031 148.574579
170.993977 150.742014
209.242043 152.703574
212.891092 148.998092
216.966428 146.289643
222.616452 143.466450
228.659196 142.786325
193.491033 162.680319
195.029411 176.444232
197.266151 190.546360
198.834806 202.450936
175.744579 211.055208
186.063688 214.937893
196.475552 216.587763
202.525528 213.501406
205.762084 209.777070
141.186341 167.759178
149.978622 163.855965
158.844346 164.016923
165.816057 167.512722
158.040886 169.888271
149.996059 169.656654
203.589765 167.940876
209.691484 163.435109
218.368455 162.483519
225.634953 165.644545
219.326042 169.143846
212.095845 169.520738
157.984186 231.807301
167.920609 227.456766
181.100816 225.531672
193.311005 226.640845
202.084148 224.778796
208.920931 225.693057
212.301277 229.149569
209.276494 237.048882
202.795588 245.348580
194.100064 248.782446
179.976904 246.594315
166.691340 240.673719
175.413157 229.807746
192.786970 230.001715
204.392269 229.037180
205.119882 237.714352
193.860809 240.983023
174.960203 238.911230
