69 284 39 354
61
166.008329 89.346788
203.451295 91.504390
231.201607 144.937534
234.267317 167.908891
235.775991 213.945218
233.584882 242.237141
203.908567 304.366715
166.459356 301.915030
125.341419 242.496144
117.085072 214.223995
118.660851 168.187546
122.499983 145.197657
130.899093 148.098414
140.436485 145.333246
150.445323 145.339643
158.826310 146.216629
168.463763 146.898461
202.580887 143.754555
209.798080 143.945188
216.558514 144.836918
223.463640 145.572522
230.547822 147.681521
187.229112 160.743675
187.569791 173.580709
188.890190 186.507907
189.370181 198.992759
172.454418 214.668479
180.190583 217.223532
189.338821 218.434228
195.875546 217.071007
201.406788 213.568624
140.950403 168.847234
149.757861 161.798358
159.122412 161.924492
166.183740 168.085373
159.321244 171.862543
150.371433 171.954320
203.627586 167.543293
210.542325 161.721307
220.126536 161.529986
228.601657 167.792417
220.800296 172.611648
212.541644 171.692321
153.155347 242.573046
163.174356 235.191573
175.086764 232.849434
186.152178 233.460702
195.518401 232.902470
205.074999 235.104953
212.572651 242.202395
205.642349 251.267336
196.731103 258.727986
186.787146 261.154476
173.531163 259.556659
161.620369 253.089464
168.999100 238.802564
186.006583 239.944193
198.509252 239.501408
199.147024 250.894085
185.820185 252.146392
167.569669 250.998802
