62 284 47 344
61
165.010710 97.145552
203.850153 97.443252
229.696487 145.278753
234.319865 166.277544
235.184988 208.162974
234.052480 226.665631
204.307425 293.751668
165.461737 289.627824
118.298814 226.924634
111.099562 208.441751
111.882660 166.556199
117.252044 145.538876
130.537172 149.032544
140.768492 145.489512
149.630198 144.242376
159.007957 145.048264
168.412200 147.335648
204.236561 147.180777
210.184032 146.819872
215.709481 146.616654
222.700359 145.519062
230.588549 145.964005
191.837507 167.726680
193.472824 178.939782
195.215557 190.014083
196.874380 200.462526
175.641617 208.799869
184.025576 210.510803
194.041945 213.127178
201.977079 211.148455
205.221162 207.872707
140.713682 166.188291
149.111381 162.976196
158.409649 163.204985
165.186121 166.005655
157.813189 168.794586
149.426723 168.924285
204.026444 167.651344
210.124885 163.732184
218.759430 163.611249
227.566007 165.897736
220.270203 168.894978
212.554223 169.417214
156.480789 227.868218
165.078140 219.581159
178.428434 217.000728
192.324262 215.035225
204.245568 216.278180
215.307124 217.659718
223.439564 225.764177
217.742901 242.852120
207.436326 256.805959
193.152963 261.120935
175.210359 257.270761
161.812818 244.984864
172.084590 222.246873
192.471388 221.779557
209.844267 221.952256
212.292785 245.302384
193.364331 250.382993
170.313748 245.431573
