73 294 34 339
61
164.398321 83.596378
203.824558 83.924304
240.917945 146.120573
244.483667 166.218277
244.684783 207.888310
243.142853 231.314456
204.281830 288.759061
164.849348 278.588695
130.799425 231.573459
123.655936 208.167087
123.033266 166.496932
124.748533 146.380696
129.994270 152.391516
137.677812 148.728922
146.465566 146.937884
156.050684 146.793893
164.777582 148.383180
210.269826 146.862703
216.531157 145.952370
223.120595 145.604760
229.631544 145.451867
236.196167 148.197137
189.076813 164.364609
189.103624 176.782977
189.376909 189.378825
189.455696 201.309466
173.659233 209.769257
181.341778 212.338035
191.352002 213.138492
198.733114 210.652490
204.050728 206.353980
143.252606 167.161491
149.808974 163.127739
157.884679 163.432573
164.573732 166.562332
158.092639 167.980935
150.437191 168.739458
204.000849 165.508699
210.571590 161.976334
219.238486 162.777172
226.158904 166.273415
219.747199 167.548629
212.518348 166.948955
160.903708 232.797382
169.325224 226.603677
179.491884 224.318206
188.973349 225.035853
197.695803 224.362099
206.790588 225.010270
214.951298 230.132575
207.265958 236.240459
199.176833 241.296399
190.838053 242.679927
179.734235 242.434511
169.464629 240.244304
176.704622 230.486781
188.949664 229.851208
199.678216 229.170685
200.056908 231.410614
189.724954 231.806924
177.191305 232.789114
