54 282 41 335
61
167.122709 91.382379
200.291224 93.124123
231.677517 146.567126
232.201064 166.462268
227.455273 213.487796
220.809040 234.353977
200.748496 284.744076
167.573736 289.837181
117.547595 234.612980
107.270147 213.766573
104.342768 166.740923
107.596284 146.827249
128.882523 147.247913
138.128152 145.280486
148.367745 145.669080
158.106292 147.497295
167.256980 149.305344
210.410356 151.789774
215.159348 149.733897
219.292684 147.766754
224.661450 144.382691
231.386042 144.805251
191.307624 166.760716
193.017170 179.519897
195.012814 191.714470
196.947445 203.435837
175.991854 214.412795
185.738351 214.564555
192.903691 214.957604
196.867741 214.514722
199.689369 212.909426
137.836825 165.952852
148.383592 160.724380
159.893890 161.295683
167.298120 167.152378
158.865324 171.211477
148.402565 170.452629
200.467515 167.509242
209.429631 161.136365
220.476057 161.136841
229.779140 165.867458
221.331183 170.938910
211.550246 170.973822
152.421029 235.344907
164.037497 229.870688
176.635338 228.511602
188.283251 229.162852
194.772039 228.126499
202.143239 228.931820
207.366296 233.664260
200.657560 242.105792
193.277609 247.473967
185.876798 248.979959
173.146485 248.408093
161.043330 244.047092
171.629443 232.858436
187.074738 233.505573
196.199698 232.841957
196.591548 240.871547
186.263913 241.340144
169.618558 240.855312
