46 275 37 342
61
165.964684 87.349424
201.103463 90.237584
222.236909 147.821600
224.502834 166.598284
225.907534 216.846060
227.176974 237.255963
201.560735 291.823845
166.415711 299.152065
105.816281 237.514966
95.625060 217.124837
96.489000 166.876939
100.740086 148.081723
125.422046 156.408302
135.767234 150.232863
147.386304 147.006073
159.321204 146.385279
170.176735 147.771901
211.725613 149.034618
214.780424 148.527020
218.762890 148.938755
223.011240 147.955739
228.205490 148.651281
195.090898 166.584052
198.566464 179.735302
202.067357 192.697660
205.005335 204.905027
178.366230 218.334402
187.169622 218.759681
198.222417 220.546194
201.374425 219.451199
203.435435 215.704269
137.946968 166.350587
148.294216 161.448824
158.939322 162.013859
166.140095 166.905990
158.380993 171.203077
148.137625 170.656799
201.279754 167.514761
208.514246 162.181181
218.242880 161.955706
223.725812 166.254558
218.946439 170.956852
210.305874 170.963688
155.047154 238.369445
167.100520 233.191341
181.531984 231.307759
194.381191 231.992886
201.538058 230.907926
208.575932 231.815895
213.692126 236.443715
208.521698 246.110086
201.340667 252.630488
192.500074 255.557993
178.021527 253.969986
165.026796 249.051240
175.726043 236.499988
192.697493 236.799721
203.063830 235.777400
203.171579 244.885734
192.717627 245.994762
174.741051 245.701061
