69 286 47 324
61
165.402942 97.440018
202.553236 97.116059
233.936893 147.542767
235.515654 166.747105
233.928500 198.657626
233.762412 215.764907
203.010508 274.130024
165.853969 280.280501
124.587105 216.023910
119.551248 198.936403
119.442130 167.025760
123.175297 147.802890
131.793075 152.763718
140.670473 150.538885
149.698725 149.034365
159.749744 149.335892
168.689127 151.080042
204.643661 149.423518
212.616770 146.984182
221.317824 146.352715
230.234664 147.134404
238.849451 151.322860
187.296029 164.314763
187.464666 173.811252
187.453971 182.356298
187.558721 190.753146
171.813068 200.108328
179.389784 201.339198
186.602011 202.391037
191.801544 200.306771
197.403660 197.553571
140.751169 166.348443
149.930562 160.677477
159.220292 161.162518
165.578353 167.008760
158.371714 169.574797
149.554731 169.230671
202.729527 167.301906
210.677066 160.922223
220.424290 161.243381
227.843225 166.962106
220.651519 168.698622
211.922889 168.668645
152.628875 218.790679
161.437900 210.946382
173.431662 207.668059
185.521288 207.628699
194.046759 206.993019
202.833247 208.364939
209.006612 213.040192
202.986560 225.201798
194.735048 234.489176
183.562553 238.224981
170.106143 237.455267
158.949980 231.884229
169.233188 213.671092
184.574705 213.173762
195.717826 212.377790
195.056661 226.962963
182.786809 229.924367
167.496051 228.622748
