63 281 45 330
61
165.207568 95.037360
201.811827 95.228690
227.762838 148.607304
230.517936 167.170806
228.203616 207.497800
232.001548 219.874061
202.269099 280.334581
165.658595 280.278924
117.257204 220.133064
114.127981 207.776577
113.044134 167.449461
115.676333 148.867427
132.215139 153.855052
138.982334 150.671432
147.890537 148.718079
156.988507 147.689259
166.461700 147.987523
207.172248 146.121844
214.432835 146.878351
221.618062 148.797989
228.443887 151.183585
234.139406 154.913226
189.353254 166.224013
189.814788 176.076010
190.388931 185.396662
191.877460 193.963970
172.148257 208.297939
180.665564 208.368039
189.636596 207.837532
193.864804 207.854114
198.356197 207.044239
138.678799 167.507384
148.706776 160.664501
158.093905 160.947150
165.382979 166.910730
158.194689 170.984795
148.612432 170.837834
201.988118 166.847699
210.111052 160.508865
220.108662 160.707476
227.487339 168.050217
220.330174 170.955480
211.887241 170.105269
151.280997 222.367614
160.159184 212.456310
172.804096 209.379756
185.420547 210.001110
194.826771 209.915056
203.645362 211.116451
208.602777 217.681615
200.247548 223.901137
192.662705 229.245382
183.667680 231.801067
171.915161 231.176103
160.287300 229.169543
168.242858 216.031147
184.886805 216.159348
196.604523 216.195877
195.914917 224.179584
183.188767 225.833179
166.728820 224.577004
