66 288 43 327
61
164.525868 93.294116
202.908248 93.787682
233.339600 145.404492
237.671518 165.373616
238.732482 200.891777
239.627292 225.630573
203.365520 276.725209
164.976895 271.451500
127.843067 225.889576
119.782070 201.170554
115.867777 165.652271
119.596535 145.664615
128.994540 154.500901
136.335883 150.503020
146.413451 147.864296
158.387085 147.700930
168.533423 148.329658
209.338035 145.779280
214.926795 144.099563
220.870287 143.246170
227.036441 143.093750
231.474677 146.189641
191.395114 163.727421
192.654878 172.032149
193.831532 180.720326
196.044540 189.309784
179.384766 201.485032
186.920784 202.588802
194.417471 202.611396
201.738993 202.681326
208.455837 200.645116
142.106243 165.316781
150.527830 163.645244
158.211988 163.919545
164.701279 166.750423
158.509047 169.088102
150.590003 169.331660
203.084539 164.992160
209.732805 162.898295
218.343345 163.198725
225.017362 165.067803
219.200698 168.847863
211.098334 168.739302
166.533633 225.911963
171.797639 212.832608
182.823005 205.823318
194.487505 205.696883
203.792336 205.523300
211.366514 211.308328
214.758445 225.650365
210.349656 236.346835
202.947512 243.255985
194.515433 245.300777
181.770581 243.557978
171.606922 238.448447
179.960132 216.618175
193.428619 215.410504
204.582475 216.109477
205.035790 231.334205
194.401927 232.307033
180.310672 232.253172
