58 281 34 333
61
164.460003 84.114723
204.222003 84.590953
228.499957 145.118246
230.723977 165.331271
232.667121 206.378619
231.705967 230.285262
204.679275 283.196077
164.911030 280.621019
120.622968 230.544265
109.779780 206.657396
108.279888 165.609926
111.759733 145.378369
130.635839 149.582622
138.799256 146.677815
148.452811 145.328386
158.183532 146.359742
167.560150 148.252500
211.184029 146.588910
216.211967 145.881937
220.876114 145.209560
226.514583 143.375190
232.387410 144.761879
192.972562 164.600267
194.404166 176.933226
195.969569 189.421614
198.004184 201.228826
176.815255 208.700231
186.202256 211.631388
195.928751 212.476017
202.427040 210.185104
206.910006 204.403643
140.953375 166.468306
149.513772 161.890984
157.386474 162.310159
164.635414 165.652520
158.295714 168.745736
149.832157 169.215280
204.398294 165.010317
209.992434 161.377583
218.307517 161.658727
225.299152 164.826811
218.636806 167.878758
211.600329 167.884755
161.264515 231.171282
171.412445 225.036185
183.063678 222.235860
194.098472 223.136326
200.832532 221.524460
207.928670 223.535593
213.335367 229.700487
206.294982 234.294755
199.318241 237.933448
192.531985 239.255168
181.474503 239.089162
170.316470 237.157493
178.915585 228.118111
193.055237 228.428478
201.893788 228.050947
201.115693 231.454327
192.392041 231.856158
178.244125 231.976994
