66 286 46 344
61
164.866504 95.565432
203.481686 95.059285
231.469022 146.252351
236.438951 167.671034
240.247866 208.218270
238.293153 233.495551
203.938958 293.798974
165.317531 291.205691
116.403636 233.754554
111.591880 208.497047
115.651899 167.949689
120.578146 146.512474
133.071834 148.963632
142.588038 147.584117
151.768808 147.370586
161.088112 147.767423
169.901489 148.218713
199.501348 146.086354
208.139967 145.896926
215.475673 145.435675
223.773031 144.339189
232.168398 147.996664
184.603243 160.503395
184.288014 173.436238
184.198869 186.904279
184.253663 200.725552
169.904925 209.333807
176.381862 212.606273
185.730434 214.418043
192.653666 212.046875
199.960463 207.449392
140.839338 169.121211
149.372269 165.962826
158.638977 165.034728
165.041915 166.895271
157.732213 170.077738
149.912081 170.036191
203.657977 167.476076
211.540375 164.611117
220.648285 165.202295
228.817195 167.824455
220.889039 170.446070
212.777759 169.695650
154.201457 233.809724
162.690455 228.938523
174.070196 228.044504
184.614299 229.112515
193.924610 228.536645
203.140234 228.622533
211.606930 233.482510
204.111215 241.316928
195.362857 248.378910
185.337462 250.312713
172.638599 249.033410
160.860006 243.335773
170.504466 232.945107
184.715349 234.434193
196.638027 233.406033
197.583151 240.300626
184.826484 241.531727
169.453769 240.076205
