58 282 29 333
61
165.800299 78.556666
203.243852 80.804889
228.622704 147.670209
231.967936 166.772637
232.014147 208.825876
228.956485 229.494174
203.701124 282.596585
166.251326 280.592577
117.397244 229.753177
108.852850 209.104653
107.720593 167.051292
110.008989 147.930332
123.993196 152.648615
133.732703 148.264378
146.198326 147.186641
157.674695 148.143500
169.003993 150.388958
212.165065 151.579862
216.872258 149.488449
221.915834 148.455273
228.356515 146.714859
233.409842 149.131214
193.136095 164.373332
194.110527 178.303242
195.050940 191.980252
196.562312 205.319829
174.790599 209.484086
183.034047 212.718357
194.529389 213.816565
199.781904 212.893921
204.130566 208.514331
139.203896 166.691137
148.932099 161.913778
158.330762 161.919632
165.975710 167.684710
158.248267 169.726942
149.773443 169.897109
203.420143 166.896931
210.344820 161.873931
219.207344 161.575765
226.930433 166.450549
220.189201 169.689920
211.839881 169.518374
156.093706 229.919974
166.464932 226.234451
178.950767 224.262900
190.362955 225.699616
196.922224 224.016804
203.252811 225.143049
207.219141 229.369594
201.492063 234.537194
194.759517 239.139167
188.203277 240.676210
177.503901 239.515165
165.432824 237.032973
175.251947 229.492969
189.453973 231.294930
197.009035 229.955739
196.910988 231.396938
188.821877 231.917189
173.966133 231.236848
