53 274 47 337
61
163.647024 97.008260
203.396707 99.093480
222.410008 146.743287
223.822407 167.019454
223.637291 208.958783
222.909044 232.473459
203.853979 286.672894
164.098051 293.805764
106.564236 232.732462
102.496102 209.237560
103.442331 167.298109
109.236277 147.003410
127.315085 155.288968
136.949702 150.098400
148.245516 148.183398
159.878360 147.560558
170.858803 149.845996
207.203080 150.804762
212.189822 148.545419
217.576942 145.604749
223.713312 142.152196
229.966982 143.013849
191.281092 164.693008
193.341029 175.307144
195.462664 186.278082
197.976184 196.161985
175.267153 210.694550
185.014521 211.004332
195.151762 211.961486
201.425785 209.932390
204.603724 207.569788
141.734767 167.473246
148.927696 161.890454
158.019387 161.629496
163.822435 166.847774
157.797792 170.119694
149.521351 170.465887
203.572998 167.929070
210.159171 162.560160
218.423275 162.442474
224.224237 166.460554
219.200408 169.991120
212.315251 170.033351
149.545519 233.860997
160.663380 224.554880
175.813460 221.034909
189.929886 221.656687
198.115850 221.472976
205.837627 223.869561
211.350024 231.387030
205.619932 242.970000
197.471757 252.033449
187.603171 255.256050
172.170368 253.558289
158.124430 246.506997
171.140096 229.878348
188.886815 230.287287
199.050460 230.426545
198.836246 239.836802
187.317933 241.582069
169.112354 240.814236
