61 282 44 333
61
164.804594 93.887605
202.763370 94.793767
230.767206 149.568586
231.729050 166.446674
230.181410 211.522223
229.884693 226.619926
203.220642 282.916186
165.255621 281.481725
121.594390 226.878929
114.152692 211.801000
111.248709 166.725329
113.870686 149.828709
132.193163 153.843378
140.748854 151.409325
150.545726 150.022370
161.005779 150.720951
171.255541 151.914717
202.491228 152.294000
209.575915 149.891667
217.174013 149.416329
224.597955 147.350187
232.700486 147.293783
190.738871 167.087307
192.098902 178.767028
193.312667 191.318163
195.373925 202.758891
176.197774 212.528916
184.311028 213.978223
193.888535 215.969393
198.418162 213.874209
202.020661 210.862216
141.341750 166.580494
149.109404 161.775707
158.575932 162.019962
164.980005 166.328494
158.567300 170.336758
149.284206 170.531975
202.939661 167.703381
210.254303 161.956579
218.999699 162.024784
226.359332 165.807258
220.392073 169.719869
212.473265 170.236650
159.401237 228.081637
168.968745 222.528147
180.974932 221.189262
190.770568 222.091957
198.055033 222.176975
205.305007 222.109106
211.293031 225.459388
205.875367 236.926130
198.636244 243.931260
189.544530 246.949956
176.999965 245.241913
166.396980 239.444563
177.145074 226.486928
189.974751 227.746165
199.126254 227.023441
199.414798 234.373650
189.303721 236.265127
175.817352 235.673820
