51 277 40 345
61
167.599192 90.185871
201.203217 90.789946
226.927215 148.380974
226.728733 166.441511
226.634474 215.687743
224.513069 238.806175
201.660489 294.904715
168.050219 294.058474
111.753500 239.065178
102.113251 215.966520
101.154549 166.720166
104.618969 148.641097
126.982770 152.607031
137.066959 150.087823
147.916231 147.906162
158.811188 147.301248
169.935223 147.926390
208.140126 149.922753
213.066224 149.767100
217.970422 149.157274
222.950855 147.701322
228.462502 147.374361
197.626476 165.157296
199.949952 178.545897
203.254247 193.126624
206.221676 206.247488
181.483149 216.417772
191.346445 220.006527
201.268760 220.353607
204.112147 219.493377
205.449681 215.304356
138.750569 166.702837
149.153306 162.090465
158.957065 162.595718
167.774603 166.106527
159.615429 169.683299
149.711659 170.209020
201.379508 166.850621
209.413394 162.397533
218.453338 162.437016
225.577626 166.738953
218.520848 169.737035
210.334930 169.606917
154.527997 239.083352
168.158890 234.070025
181.678656 232.162035
194.346353 232.491197
201.970496 231.479302
208.679080 233.584638
214.348069 238.830156
208.241661 248.787789
201.079391 254.430457
193.412222 256.496915
178.942591 254.929888
165.258454 250.451120
176.183338 237.402886
193.511144 237.081341
202.723650 236.602614
202.496158 247.554174
193.236926 248.699223
175.506895 248.072881
