66 273 47 327
61
165.758443 97.247705
201.617569 98.042755
220.708103 145.369248
222.947810 167.555802
223.438095 207.989903
223.429067 232.718525
202.074841 276.693704
166.209470 271.086438
129.318561 232.977528
119.929370 208.268680
115.943495 167.834457
118.797191 145.629371
126.219208 152.069443
134.549404 146.517365
144.398183 144.541661
154.623491 146.344027
163.960483 148.607859
205.952434 149.241299
212.905280 147.706459
218.894219 146.498265
224.176802 146.993030
229.453048 149.715673
190.265608 163.127340
192.215992 174.147639
194.743639 185.472251
197.141905 196.893910
176.625881 209.149927
186.265498 210.900939
195.616949 211.394090
200.457611 210.839597
205.162593 207.176586
139.874795 167.716418
148.566667 160.108332
159.249775 160.505160
165.933854 167.578714
158.159296 172.306181
149.333263 172.344842
201.793860 167.934170
208.913850 161.930027
218.946321 161.315032
225.598832 167.626746
219.506949 173.181056
211.065320 172.870481
167.916758 233.334241
175.977532 227.363543
184.849318 223.495885
193.489115 224.292332
198.823522 223.696633
203.149019 227.412174
207.218088 232.403953
202.315485 235.269400
197.559765 238.849877
192.977419 239.794854
183.840904 239.167069
175.198115 237.219436
182.466792 229.873381
192.965624 229.695849
199.243074 230.344396
198.139803 231.080998
192.845854 230.606237
181.967138 231.185913
