63 281 53 323
61
165.158728 102.983488
201.166553 104.155741
227.387467 147.205254
231.120015 166.258441
229.852553 208.847301
226.476957 233.961908
201.623825 273.080043
165.609755 274.652288
125.597422 234.220911
116.595187 209.126078
113.281176 166.537096
114.985915 147.465377
127.985020 152.770732
136.337933 149.197597
145.804258 147.647509
155.934048 148.059461
165.486549 149.948438
202.920140 150.200064
210.054995 147.787571
216.785753 147.064513
224.680481 146.452366
230.015965 149.716625
188.156940 171.938702
189.581363 181.140950
190.927865 190.058814
192.189422 198.189309
173.722969 209.775563
184.316922 212.968717
192.066405 213.213237
196.779953 212.188947
201.643738 208.265800
140.671173 166.051927
149.664943 160.797795
159.117079 160.848210
165.334139 167.323118
158.535830 170.732250
150.009131 170.570581
201.342844 166.762906
207.889559 160.435541
217.029212 160.341406
222.663347 165.528783
217.524635 170.489246
209.363743 170.373213
169.820629 234.568101
175.536688 228.379456
183.385017 224.654559
191.835881 225.544592
198.155191 225.138477
203.089374 228.202653
207.060033 233.656947
202.104100 237.189889
197.300711 241.882620
192.405504 244.036922
183.557627 242.873096
175.250776 239.567078
181.960234 231.397680
191.850282 232.180700
198.213005 232.382503
197.161869 232.185732
191.691794 232.555903
181.510363 232.040430
