63 269 66 323
61
166.072341 115.673154
202.329190 116.571100
217.130530 147.158390
219.077458 166.716742
218.245181 210.870195
215.293519 235.144708
202.786462 273.488943
166.523368 278.582171
125.987609 235.403711
113.949361 211.148972
112.681315 166.995397
114.449057 147.418513
127.448072 152.212146
135.966934 148.440398
144.722152 146.306683
154.351499 147.942721
164.570482 149.479097
207.832716 150.686701
213.107100 149.056695
218.264786 148.311643
223.571491 148.470082
228.942106 150.946459
189.539299 165.806148
191.498162 176.749011
193.637013 188.781838
195.797265 199.145549
175.802280 212.146797
184.725781 213.633949
192.343521 213.882518
198.444292 211.865500
200.909260 209.940214
141.149631 167.102845
150.059592 161.932525
159.317557 162.436074
166.247752 166.822458
159.106216 171.150001
149.857126 171.394642
202.505481 167.144375
208.375814 162.224880
217.526708 162.106634
224.139054 166.430070
218.881291 171.147726
210.424438 170.639311
164.142608 236.890487
172.110145 228.912188
182.020930 225.342731
191.430922 224.937349
198.385301 225.165422
203.849741 228.076450
205.769468 233.700106
201.604448 237.200173
195.871436 241.318973
190.111693 243.302735
180.456193 242.855669
170.916670 240.056168
178.197288 230.907830
190.805358 229.950582
199.387186 230.563194
197.963791 234.670760
190.232205 235.815883
177.607047 235.278638
