64 276 46 325
61
164.643997 96.357739
203.339737 98.954647
223.141608 147.555971
226.419546 168.214463
225.681818 204.563211
228.317080 220.964186
203.797009 274.746117
165.095024 272.906679
120.083572 221.223189
115.284886 204.841988
113.533081 168.493118
117.310336 147.816094
129.120523 154.550761
138.954977 150.462979
149.938303 147.481664
160.969270 147.732940
171.605606 149.348278
203.363875 148.809405
209.296320 147.422465
215.880155 147.931760
222.178807 148.223490
228.013135 149.807985
189.671851 163.224210
191.503659 173.309030
194.014956 183.365054
197.490394 193.163057
176.494061 206.714156
187.161027 206.102274
194.698586 205.381953
198.329506 204.739577
203.546372 202.758880
142.157882 167.863894
148.787427 161.262068
158.350766 161.211859
164.819408 167.882529
158.368285 170.074127
149.615169 170.659785
203.516028 168.592289
209.163902 161.917342
219.387246 161.695173
224.245836 169.151944
220.063872 171.212497
211.613477 170.969886
164.857734 222.538087
172.208832 214.600985
183.797194 210.784993
194.716983 210.920554
202.689376 210.009256
210.053001 212.449790
213.299539 219.691496
209.488126 227.712048
201.962367 232.976629
193.608973 234.843291
182.128929 234.066563
170.937636 230.457429
180.500229 216.765243
194.752701 215.990969
204.712300 216.090681
204.231395 226.859464
194.280378 228.340916
180.833616 227.816119
