64 277 55 335
61
165.224617 104.635420
201.348160 104.610295
222.698587 148.552244
226.824232 167.318052
232.778016 208.839657
230.495847 237.776585
201.805432 285.477329
165.675644 283.134226
121.086910 238.035588
111.692252 209.118434
114.273345 167.596707
117.340541 148.812367
129.764822 154.879592
137.396152 151.193225
146.163579 148.898978
156.300061 148.312861
165.655972 149.444361
203.916412 151.012890
211.132970 148.494902
217.531029 148.507038
224.701128 148.573294
231.410788 151.991445
190.829635 165.617266
193.432011 177.162751
195.583960 188.720471
198.513034 199.533846
176.906123 210.978422
187.150452 212.845578
195.243826 213.226942
201.833515 211.871844
206.839185 207.047488
139.655008 167.848681
148.327001 161.271035
157.528552 160.880410
165.400028 166.513445
158.344574 171.286656
149.335066 171.557954
201.524451 167.149119
209.936212 161.507146
218.965577 161.456883
226.726394 168.393736
219.318016 172.136986
211.020365 172.046688
167.636167 238.598999
175.102790 232.608012
185.030844 228.147936
194.807396 228.772032
201.702400 227.403984
207.545588 230.956300
211.949972 237.255362
205.398342 238.656200
200.190545 239.890946
195.601474 240.799302
186.246716 240.616834
175.970716 240.951310
180.917848 234.314917
194.410704 233.158361
202.905959 234.029999
202.231202 234.596164
195.435190 234.380290
182.339086 234.894045
