61 283 46 320
61
164.182387 96.479136
204.581333 96.455305
230.996689 148.145544
233.143152 167.407570
231.868035 208.054487
230.333157 223.150188
205.038605 269.552009
164.633414 264.160119
120.404033 223.409191
111.108134 208.333264
110.912198 167.686225
114.574347 148.405667
128.700474 154.704230
138.095001 150.253445
148.458037 148.515625
160.123301 148.502828
170.754882 150.515619
209.661935 148.662140
215.701221 147.737593
221.919005 148.076884
227.655827 148.492920
233.474378 151.705510
192.224940 167.739283
193.561116 180.265321
194.495103 192.643003
195.466310 203.677915
176.191024 209.283214
184.668348 211.921058
195.487035 214.041226
201.450674 210.928412
205.380065 207.172397
141.138577 167.614955
149.054816 161.880769
157.534599 162.334164
164.357798 168.182523
157.351766 170.601018
149.189405 170.620487
204.757624 167.736490
211.003502 161.556152
219.065250 161.487703
225.818681 166.729143
219.993352 170.397567
213.025971 170.306023
164.740074 224.527494
174.258958 223.423952
184.225064 223.134012
192.038157 223.684180
197.330336 222.395319
202.915734 221.708546
209.190404 222.074116
202.454479 222.849027
196.834324 224.661158
191.994223 225.085423
183.835894 225.355525
174.472619 225.454931
180.875747 227.626728
191.742484 228.867017
198.529269 227.318376
196.788764 218.474957
191.266087 216.628244
180.840142 219.472473
