58 287 41 328
61
164.534624 90.544951
203.669350 91.301978
234.683393 148.781415
237.422279 167.237391
234.380781 208.433634
229.881130 235.019658
204.126622 277.549793
164.985651 273.717552
125.558854 235.278661
110.622723 208.712411
107.791250 167.516046
112.070627 149.041538
123.955151 152.891386
133.982083 148.792846
145.420619 148.442198
157.286234 150.645624
167.459425 154.188832
204.585425 153.689823
210.958644 150.559807
217.978997 149.422072
225.328693 148.943029
232.100662 151.252222
190.656859 166.531812
192.597512 176.498668
194.607893 186.648803
197.003439 195.695436
175.951075 210.862521
187.739352 209.803963
195.202591 208.423784
199.368511 207.337700
202.849410 206.351320
141.491548 167.746502
149.162623 161.139195
158.667254 161.568278
164.710035 167.265763
158.381454 170.599031
149.527064 171.342952
203.845641 167.441072
209.624248 161.582581
218.274118 161.582455
223.542155 167.129226
218.902181 170.387732
211.279161 170.136099
172.121634 235.676298
179.124665 230.851801
187.215269 227.269105
194.116008 227.577539
199.027538 226.930448
203.659927 230.658227
207.654930 234.664111
202.145990 232.576909
196.897918 231.173704
194.828903 230.591303
188.502891 231.262122
179.687842 232.919847
186.567223 235.474158
194.530320 234.967725
198.484607 235.883064
197.135723 223.969541
194.541780 221.113134
187.044127 223.172507
