62 279 55 325
61
166.594701 104.510374
201.521904 106.771118
224.216876 147.529478
228.919959 167.039074
230.849105 208.850457
227.259670 234.256439
201.979176 274.577762
167.045728 277.949054
118.771153 234.515442
111.045502 209.129234
112.158747 167.317729
117.032054 147.789601
127.895241 154.149494
135.491032 149.964042
145.594088 147.810250
155.421912 149.260700
164.321793 150.639699
207.077376 150.160291
213.112628 148.608907
219.601889 147.550218
226.411675 148.250246
232.099848 152.100000
189.255167 163.241583
190.649118 172.706153
192.034565 182.622729
193.659676 191.030643
176.918057 209.637220
184.838863 207.847757
190.130242 205.674519
192.181982 207.864371
197.088875 208.410393
139.062343 168.293478
148.064538 161.398699
158.369014 160.997063
166.770112 166.362870
158.605283 170.986515
148.529118 171.154124
201.698195 166.445055
208.826854 161.208863
219.762496 161.707572
225.649518 167.687606
219.960181 171.574631
210.843273 170.320184
164.908849 234.375501
170.736748 225.992308
179.921707 221.364640
188.043435 221.243816
195.166710 221.797391
201.852234 226.733218
205.611037 234.438578
199.750229 235.942660
193.427836 236.491431
188.313559 236.025993
181.221509 236.456472
171.947587 236.586319
177.636486 227.175997
187.688837 225.791234
194.131226 227.685387
193.895012 231.151524
188.017968 229.515574
178.957802 230.868903
