67 279 53 325
61
165.822152 102.763122
202.978165 106.658198
224.678761 149.426175
229.188609 167.165219
228.573573 210.970596
225.830940 233.180754
203.435437 274.882654
166.273179 274.618471
123.241846 233.439757
117.797455 211.249373
117.334844 167.443874
121.318332 149.686298
129.616812 157.069657
138.834514 152.214958
147.757864 149.758984
157.637588 149.510458
167.440629 150.411431
207.241949 151.123780
213.597010 149.189612
220.177652 149.394820
227.580768 150.382991
233.997308 153.590557
190.583690 164.565248
192.664283 175.464929
194.705480 185.262191
196.897459 195.090405
183.066537 213.175340
189.531571 210.266387
195.813323 209.603064
200.080912 208.935839
199.973886 209.112468
141.561501 168.550956
148.874793 162.532208
158.105402 162.029559
165.997563 166.144457
158.337513 170.150304
149.766988 171.143408
203.154456 166.136054
209.458191 161.150751
219.179329 162.063964
224.868345 168.462214
219.280702 171.059240
211.407482 170.190062
170.010556 234.094737
176.433643 226.757711
185.500611 222.988144
193.635715 223.923335
199.545505 223.094746
205.749732 226.114320
209.463798 232.567963
204.078469 234.285733
198.466312 236.707397
193.301204 237.754154
185.627033 237.969142
176.908772 236.725729
182.692037 229.695545
193.542440 229.637254
199.660513 230.085790
199.673080 228.769890
193.202020 228.420019
182.372983 229.271547
