60 273 59 324
61
166.715978 108.905080
201.655230 109.622484
221.220180 148.092259
222.726774 168.247710
225.579417 210.004934
230.380223 221.250299
202.112502 273.642441
167.167005 276.679982
111.241731 221.509302
108.060869 210.283711
110.286269 168.526365
112.841908 148.352382
127.234554 152.454975
138.349703 150.368969
148.554308 149.027201
159.426495 148.582093
170.118953 150.622449
204.715495 148.959603
212.666909 147.681225
219.719794 147.458812
227.622902 148.279993
235.270037 152.347259
191.241739 166.672654
192.104484 176.857913
193.596818 186.680233
195.372617 196.258273
177.673609 211.701182
186.871185 211.609058
193.444641 211.305309
197.234320 210.501499
201.535336 208.655348
138.479416 168.446016
147.062190 161.605096
158.168950 161.479399
166.891389 167.998497
158.396468 172.109172
148.144371 172.217961
201.831521 168.869623
208.780384 161.482422
219.951329 161.361787
227.198947 168.309477
219.783783 172.104520
210.865996 172.203646
158.304267 222.986388
167.681709 217.613538
180.108802 216.314842
190.893582 215.212778
198.780647 214.827780
206.313722 215.446147
212.223656 219.815441
205.669437 224.113783
198.179628 227.469743
190.200031 228.875092
178.864083 228.197576
167.250809 225.588522
174.157253 221.936106
190.333193 222.358076
201.591323 221.316814
201.417098 221.109732
189.413104 221.444659
172.605759 221.528840
