65 285 69 322
61
165.445282 118.770968
202.759570 118.061564
229.299867 144.590350
235.232045 167.757902
236.209042 208.497988
233.106650 234.280046
203.216842 272.358150
165.896309 273.087048
126.110553 234.539049
116.871405 208.776765
115.208310 168.036557
120.096594 144.850473
131.229831 149.985291
140.388058 146.954005
149.971320 146.908032
159.971773 147.714518
169.142824 148.578801
197.672524 146.267371
206.151706 143.780874
214.081900 142.574190
222.048253 142.551424
229.797829 147.217214
185.503850 164.092558
186.443431 176.686663
187.965758 190.312435
189.999871 202.456389
179.680721 209.943462
185.044633 212.795491
191.890682 214.683953
195.620462 212.779255
198.816960 207.399153
140.992044 167.750658
148.867833 162.150913
158.336605 162.430778
165.620693 167.466043
158.371645 170.445109
149.451883 170.382104
202.935861 168.882053
209.204360 162.058938
219.011743 161.895138
224.663110 167.565737
220.245175 170.819732
211.899158 170.821690
171.322367 234.457061
178.016722 228.306281
185.812720 224.587711
193.816159 225.352888
200.467555 225.158149
206.263224 228.759531
211.411976 234.404221
205.114964 238.124621
198.427600 240.347831
193.515463 241.276418
185.298622 241.289110
177.499601 239.082666
183.598474 230.822636
193.529187 231.162907
200.990314 231.554790
200.437257 232.704716
193.426130 231.968991
183.269750 232.422477
