64 285 53 330
61
165.471577 102.855398
202.522554 107.154594
229.748866 148.266133
235.136922 166.656631
232.824842 210.481968
230.719641 236.393620
202.979826 280.473241
165.922604 272.415625
131.660254 236.652623
119.051724 210.760745
114.282592 166.935286
116.827795 148.526256
129.275403 153.283943
138.432125 149.800244
148.771648 148.264455
159.877105 149.297414
170.180819 151.848760
205.284507 154.097326
211.599243 150.128124
218.659617 148.569355
226.622402 148.656917
233.557906 151.472276
189.510543 162.396304
190.917197 173.113567
192.752185 184.366053
194.949774 194.154620
177.838822 212.646375
186.759134 210.998453
194.520768 210.587684
200.052751 209.800762
205.008802 208.664182
141.561607 166.429834
149.233378 161.630196
158.596942 162.043745
165.646988 166.242351
158.278893 171.786065
149.100740 172.053862
202.698845 167.295898
209.458039 162.468330
219.146595 163.071260
225.884781 167.291214
220.396336 172.004545
211.306642 171.709631
167.595057 236.721337
174.513632 230.533020
183.074473 226.204748
190.890319 227.244583
198.456931 226.156287
204.894013 230.654619
209.078305 236.367041
203.703021 239.102065
197.587216 241.567177
191.816149 243.194844
183.080902 242.174101
174.220432 240.186354
180.181303 232.907617
190.939638 232.963803
199.472400 233.312434
199.065752 233.356427
190.968424 231.914268
180.743568 232.443724
