60 282 38 328
61
165.644868 88.044275
203.853661 90.446701
230.883013 147.700241
232.278264 167.514537
232.653431 209.725295
232.879744 235.757707
204.310933 278.016673
166.095895 278.828060
121.723055 236.016710
112.610842 210.004072
109.776635 167.793192
112.504353 147.960364
128.099504 153.008452
136.698848 149.569592
147.616356 147.939224
158.486291 148.023135
168.775206 149.378281
206.634557 150.561529
213.729878 148.726054
220.689959 147.762776
227.927455 147.783821
234.295213 151.142833
190.636236 162.669186
192.565331 174.188343
194.050320 185.823340
195.519887 196.870497
178.546664 210.765832
186.602632 210.697291
193.218618 209.122156
197.333756 209.424487
202.335246 209.031402
140.560079 167.365016
148.964388 161.788307
158.320531 162.478760
165.820279 168.174632
158.453399 170.766106
149.265910 170.911625
204.029952 168.106773
209.567112 162.046331
218.222861 162.328144
225.083238 167.044507
219.234629 170.635629
211.544850 170.608619
166.908507 236.287447
173.176978 229.504565
182.541591 225.549452
191.328244 227.194061
198.737150 225.347576
204.712660 228.442471
207.343867 235.529153
202.777196 239.352331
195.918050 240.990848
190.301719 241.725303
181.924068 241.681535
173.486137 240.864714
180.207828 232.267775
190.761103 232.731928
198.456563 232.662112
197.831895 235.410304
190.441904 233.544212
179.781796 234.019590
