59 279 49 326
61
165.493389 98.628126
202.992399 101.818225
227.885694 146.065487
229.092600 167.158785
228.237914 210.002163
225.816500 228.699296
203.449671 275.546270
165.944416 271.224364
125.186358 228.958299
114.860274 210.280940
109.110845 167.437440
110.898609 146.325610
126.651026 153.428934
135.225384 148.442722
146.795407 145.529493
157.618421 145.795773
168.096362 147.852493
205.982140 149.122505
212.049884 147.591549
217.969993 146.903018
224.559965 146.538700
229.998267 148.935705
193.632432 167.347857
196.180813 178.152745
198.609561 188.192388
200.755650 198.119393
182.311802 211.607078
191.594683 210.039724
197.994529 208.335485
202.164050 209.096351
204.297676 208.743889
140.035361 166.595651
149.465323 161.056708
159.022677 161.178703
165.668800 168.040986
158.711582 171.071761
149.554288 171.110763
203.168690 167.859595
210.223613 161.057981
219.547827 160.700403
226.510550 166.771759
221.025985 170.573376
212.471574 171.295544
172.102839 232.114060
178.580669 222.570491
187.468214 217.845271
197.043318 218.643400
203.752037 217.248071
209.292711 219.681628
213.504512 225.585766
208.941391 229.161825
204.146341 233.162513
198.588950 235.687292
188.629218 235.810541
179.212596 234.220865
185.274771 224.890326
196.728841 223.613879
204.025874 223.922362
203.106955 226.736876
197.029669 227.345125
186.467734 227.968162
