56 271 45 325
61
166.156687 94.593885
202.260007 96.947086
219.091291 148.262210
220.968956 167.770173
219.873625 204.979581
224.132349 222.944199
202.717279 275.335630
166.607714 275.144381
114.912282 223.203202
108.385837 205.258358
105.650976 168.048828
109.586252 148.522333
126.877878 154.851489
137.149480 149.413821
148.918539 147.451946
160.030880 147.902934
171.203496 149.679990
199.975462 150.538014
207.143768 149.056077
214.526715 149.374014
221.319305 148.779238
228.347883 151.553151
190.646052 166.171291
193.272727 176.586563
196.295496 185.922699
199.710864 195.481190
176.694130 205.815487
188.181479 207.733209
194.864348 205.597477
197.222131 205.974821
201.190349 204.490309
138.923390 166.775918
148.606936 159.587054
159.904105 159.753426
166.332098 168.361864
158.983891 171.028368
148.922411 171.370880
202.436298 168.685654
209.178501 159.774227
220.111146 159.378080
226.551991 167.890150
221.086311 171.309158
211.684319 171.526859
164.439102 225.803154
171.515134 218.331493
182.959570 215.007309
193.931424 214.852115
201.267162 214.496397
207.183432 215.914138
209.583600 220.386342
207.639705 228.256814
202.121883 234.939755
194.754989 238.114017
182.613255 237.478721
170.555537 234.044223
180.089081 222.528724
193.353277 221.754152
201.674621 221.258143
200.951769 227.394182
193.105505 228.951161
180.006141 228.692568
