60 276 56 322
61
164.348386 105.923592
204.339317 108.304263
222.743439 145.824558
226.101126 167.172739
225.393289 201.345009
228.505447 218.298172
204.796589 271.964446
164.799413 268.223438
114.301190 218.557175
109.741296 201.623786
110.279251 167.451394
117.255827 146.084681
129.572935 149.753165
139.611410 146.664227
150.592859 145.522372
161.905996 146.051105
172.407378 147.130429
203.758323 147.541547
209.661686 146.500093
215.396459 146.428236
221.686039 144.722349
228.744737 144.273686
190.261496 160.702451
192.940076 172.684355
195.216711 183.494582
198.104440 195.672526
178.070345 202.514815
187.239204 204.588884
195.529035 205.620537
201.424820 203.716876
207.099298 200.521778
139.183578 166.591543
148.856005 161.755625
157.431124 162.236782
164.523797 167.383441
157.520388 170.143357
149.682692 170.515045
204.515608 167.698622
210.738012 162.461015
219.436979 162.207764
225.611251 167.650161
220.527610 170.540540
212.590641 170.659248
167.485495 219.281106
174.720573 211.172734
185.420105 207.014851
197.208252 207.624974
205.884226 207.449431
213.425756 210.950612
215.476565 217.616433
211.875169 223.142413
204.222132 227.097194
196.183698 228.278045
184.499542 227.908097
173.841468 225.802793
182.022970 214.106064
196.856296 213.018909
206.660472 213.757864
206.137603 220.047527
196.035168 220.421187
182.439905 221.430875
