60 285 44 325
61
164.517954 93.508634
203.249185 96.191622
232.052542 145.325768
234.791119 167.007643
234.000470 211.419962
230.413630 234.275258
203.706457 274.711246
164.968981 274.785203
122.112695 234.534261
110.779936 211.698739
109.785908 167.286298
113.815131 145.585891
132.399721 149.638214
141.064391 148.156471
149.272215 146.378405
158.421129 147.593011
167.229265 150.598029
200.524724 150.138262
207.000934 146.803266
212.996913 144.574653
220.507643 143.642408
227.441137 145.625426
188.608579 167.968280
189.834554 179.053225
190.883202 190.535545
192.661883 200.742522
174.488812 213.326910
182.758626 215.124703
192.322397 215.391093
197.474327 213.338874
203.383044 209.859662
140.731872 167.478254
149.317026 160.835263
158.689202 161.221746
164.693365 166.093093
158.795038 170.599749
149.872581 170.286184
203.425476 167.424720
209.065008 161.575339
218.708253 162.051073
225.662120 167.667297
219.616454 171.822840
211.735108 171.399526
167.067075 235.096658
172.835975 228.805221
181.922833 225.547763
190.265889 226.336188
197.628977 226.119951
203.723900 227.915354
209.141072 233.754976
203.640569 238.773470
197.179377 243.847542
190.776287 245.218260
181.324988 244.036410
172.758784 240.370441
179.947821 231.685565
190.905497 231.453378
198.414179 231.938676
197.878305 235.677418
191.212941 236.407643
179.923565 235.224619
