60 277 41 321
61
165.550670 90.769785
203.873277 94.379525
224.250018 144.143318
226.848546 166.136559
225.064676 200.407039
224.432246 223.783060
204.330549 271.007105
166.001697 266.285219
122.988580 224.042063
114.403823 200.685816
110.307232 166.415214
111.638781 144.403441
127.106727 148.195362
136.740623 143.485500
147.842577 142.450943
159.162994 145.041981
169.865286 148.868046
206.518046 151.457395
212.678499 147.981240
219.148239 146.137209
226.183780 144.283274
231.923521 145.938080
192.281387 163.786529
194.720499 173.540247
197.359974 183.152120
199.966587 193.325732
179.346640 202.332263
188.794626 202.864794
196.196827 202.418155
201.448733 202.062263
205.184050 198.828427
140.393905 166.361652
148.453473 160.947262
158.572100 161.413553
165.726081 167.516650
158.449109 171.405997
148.466432 171.511732
204.049568 166.105643
210.736905 160.517669
220.721011 160.194038
226.851152 165.195123
221.400924 169.448590
212.492962 170.132579
169.242267 226.917340
175.596191 217.528719
185.103836 212.030294
195.302808 211.960473
202.596605 210.872160
208.959131 214.093952
211.607666 220.949898
208.491533 226.664849
203.000208 232.642936
196.541436 235.603952
185.489933 234.574866
174.987328 231.384011
180.902152 218.283982
195.104198 216.975463
205.088486 217.450632
204.774833 225.978846
194.763109 227.423518
180.456476 226.804949
