61 269 48 323
61
164.350067 98.387202
203.340663 101.056007
216.884483 147.944214
218.711792 166.378295
220.179091 205.922087
223.494483 219.730419
203.797935 272.650861
164.801094 271.581810
119.173845 219.989422
111.178643 206.200864
110.670102 166.656950
114.770554 148.204337
124.093139 155.859823
133.517432 151.093839
145.129427 149.104570
156.756212 149.271612
167.754701 150.678067
208.939894 148.787829
215.227782 147.199333
221.388728 147.085317
227.518886 147.628310
232.408880 151.476800
192.117764 164.407276
194.725140 174.226454
197.285508 185.255819
200.399800 195.054303
180.510525 207.431510
189.160619 207.121357
197.108497 204.928104
200.882481 205.599018
203.476086 204.759322
141.936318 166.862354
148.468190 161.288898
158.219268 161.199523
164.525478 166.347140
157.813253 170.215509
149.262912 170.643669
203.516954 165.675462
210.100230 160.447438
219.187035 160.778912
224.512858 167.261077
218.944058 170.519110
211.659899 170.007004
164.333069 220.359749
173.715350 214.449248
184.465092 212.399916
195.238487 212.773206
202.080475 211.932279
209.159073 213.469369
214.703560 219.402260
207.920655 220.755739
201.525645 223.975926
194.787821 225.300894
184.480701 224.582537
173.595403 222.434653
179.071812 217.536239
194.649895 218.172086
205.739545 217.324284
205.350692 219.417964
194.245708 219.437024
178.948698 219.388708
