67 282 44 327
61
165.673458 93.951920
201.796631 95.977690
229.011903 148.864143
232.116837 167.404205
236.664627 204.660028
237.402466 223.672856
202.253903 277.306590
166.124485 267.337555
128.974223 223.931859
121.061028 204.938805
117.090521 167.682860
120.118382 149.124266
124.431902 157.439957
133.137477 151.937749
145.079693 149.675093
157.084964 150.074014
169.355819 152.365726
205.139266 150.079638
213.142211 148.365203
220.871805 148.354635
228.014297 150.253905
234.023396 155.229178
188.950314 162.718996
190.556211 174.075624
192.626054 185.071395
195.140015 194.921342
178.272794 206.226744
184.893214 205.915713
193.982752 206.460542
198.950911 204.996133
203.513224 203.439901
140.269934 167.774463
148.883356 161.167832
158.562213 161.644062
165.848869 167.900172
158.245403 170.972581
149.059532 171.216869
201.972922 166.621077
208.417594 160.314870
218.445331 160.725283
225.038500 167.954009
218.964443 171.551514
210.541535 171.256075
168.085454 224.995518
174.508705 219.466968
184.158904 216.595506
192.788265 217.330630
200.410097 216.147035
207.219843 217.644105
212.649943 222.651406
207.778506 226.081447
201.763089 230.077873
195.292178 232.140259
184.964132 231.394804
175.139887 228.787797
180.742192 221.839561
193.816764 222.206542
202.531119 221.732434
202.824394 223.651195
194.217709 223.642212
181.533953 224.245004
